~o
<STREAMINFO> 1 25
<VECSIZE> 25<NULLD><MFCC_D_N_Z_0><DIAGC>
~s "silst"
<MEAN> 25
 6.303844e+000 -1.431229e+000 -3.608942e+000 -1.786547e+000 -2.153357e+000 -2.014727e+000 -4.463687e+000 -3.118293e+000 -3.289386e+000 -4.313410e+000 -3.146144e+000 1.212991e+000 -1.527236e-001 7.575209e-002 6.558242e-002 -1.130146e-002 7.422268e-003 -5.251976e-003 -8.593933e-003 -1.295514e-002 -2.833054e-002 3.108452e-002 5.441868e-002 -8.915225e-003 -1.300346e-001
<VARIANCE> 25
 4.895832e+001 6.321654e+001 4.021933e+001 3.870982e+001 5.307569e+001 3.494078e+001 4.644899e+001 4.665789e+001 3.952180e+001 5.409452e+001 3.719585e+001 2.469173e+001 1.164090e+000 1.531768e+000 1.435136e+000 1.613276e+000 1.836565e+000 1.821191e+000 2.155251e+000 2.297147e+000 1.809426e+000 2.284792e+000 2.198898e+000 1.476027e+000 7.393631e-001
<GCONST> 9.755120e+001
~h "b"
<BEGINHMM>
<NUMSTATES> 5
<STATE> 2
<MEAN> 25
 -2.429904e+000 4.022098e+000 7.840565e+000 -6.320820e+000 -3.033042e+000 4.416557e+000 3.779244e+000 -1.072186e+001 -1.746902e+000 9.529742e-001 5.052353e-001 3.179482e+000 -6.951417e-001 -2.182071e+000 1.164547e+000 -7.319165e-001 -4.637743e-002 -4.330091e-001 3.951996e-001 -1.778415e-001 1.092765e-001 4.837169e-001 7.713240e-002 -5.396565e-001 1.530614e+000
<VARIANCE> 25
 5.534901e+001 1.671375e+002 1.560907e+002 1.546449e+002 8.520682e+001 1.556839e+002 2.324911e+002 1.428960e+002 8.612471e+001 8.985310e+001 1.055827e+002 6.365511e+001 2.960583e+000 1.697438e+001 1.196892e+001 1.278112e+001 7.944279e+000 1.135793e+001 1.499183e+001 1.279740e+001 1.097937e+001 5.405848e+000 9.820436e+000 4.937263e+000 3.801033e+000
<GCONST> 1.308483e+002
<STATE> 3
<MEAN> 25
 -4.816216e+000 -1.362873e+001 1.251683e+001 -6.646934e+000 4.989309e+000 -2.151240e+000 1.957258e+000 -5.143348e+000 -2.738343e+000 2.604798e+000 -1.202698e+000 -3.672112e-001 1.181524e+000 2.351404e-001 -9.975685e-001 1.113523e+000 -4.848334e-001 -2.362059e-001 6.432953e-001 2.443108e-001 -1.568621e-001 -6.530742e-001 -5.677516e-001 -1.176899e-001 1.904829e-001
<VARIANCE> 25
 1.133442e+002 1.556443e+002 1.000799e+002 1.855881e+002 2.277288e+002 1.073523e+002 7.401360e+001 4.957595e+001 6.553146e+001 5.601243e+001 7.001995e+001 3.859482e+001 5.532651e+000 5.775108e+000 7.920381e+000 5.839116e+000 1.787958e+001 6.467287e+000 5.645808e+000 9.419968e+000 8.146612e+000 5.156950e+000 5.330243e+000 5.428875e+000 2.779994e+000
<GCONST> 1.241244e+002
<STATE> 4
<MEAN> 25
 3.851414e+000 -8.802297e+000 1.340281e+000 4.586519e+000 -2.262757e+000 3.304700e-001 3.414824e+000 -1.838622e+000 -2.844106e+000 5.525120e-001 -2.004436e+000 -4.326282e+000 -7.845519e-002 5.777826e-001 -1.629937e-002 -1.720165e-001 2.218336e-001 2.835687e-001 5.049282e-002 1.519104e-001 -5.057893e-002 2.205061e-002 1.638777e-001 9.349018e-002 -3.497975e-001
<VARIANCE> 25
 2.706127e+001 2.487675e+002 8.904447e+001 1.120454e+002 1.302498e+002 7.842770e+001 1.495078e+002 6.837247e+001 7.134596e+001 6.523955e+001 6.836728e+001 5.313228e+001 1.205142e+000 2.161781e+000 3.760222e+000 5.834341e+000 6.341026e+000 7.643851e+000 1.080036e+001 4.521058e+000 7.342605e+000 4.901350e+000 6.068982e+000 4.267543e+000 1.304309e+000
<GCONST> 1.179950e+002
<TRANSP> 5
 0.000000e+000 1.000000e+000 0.000000e+000 0.000000e+000 0.000000e+000
 0.000000e+000 8.524690e-001 1.475310e-001 0.000000e+000 0.000000e+000
 0.000000e+000 0.000000e+000 7.391604e-001 2.608396e-001 0.000000e+000
 0.000000e+000 0.000000e+000 0.000000e+000 8.930818e-001 1.069182e-001
 0.000000e+000 0.000000e+000 0.000000e+000 0.000000e+000 0.000000e+000
<ENDHMM>
~h "c"
<BEGINHMM>
<NUMSTATES> 5
<STATE> 2
<MEAN> 25
 4.492237e-008 5.845701e-009 -1.328185e-007 -1.974899e-008 8.013701e-008 5.326083e-008 -2.952693e-008 -7.096470e-008 9.339078e-009 -1.337489e-007 6.334598e-008 -5.331350e-008 -9.746575e-004 8.824667e-003 5.857049e-003 -6.106692e-003 1.834674e-003 2.140600e-003 6.438790e-003 2.552634e-004 2.233275e-003 1.652292e-004 -2.947775e-004 1.625022e-004 1.768339e-002
<VARIANCE> 25
 5.093745e+001 1.386368e+002 7.180528e+001 8.644808e+001 6.100111e+001 5.655713e+001 7.255057e+001 5.467440e+001 5.467830e+001 5.295312e+001 4.155158e+001 3.905978e+001 1.136743e+000 2.774379e+000 2.153254e+000 3.157753e+000 2.791123e+000 2.802559e+000 3.391059e+000 2.977390e+000 2.833076e+000 2.917275e+000 2.609103e+000 2.223614e+000 1.691524e+000
<GCONST> 1.071680e+002
<STATE> 3
<MEAN> 25
 4.492237e-008 5.845701e-009 -1.328185e-007 -1.974899e-008 8.013701e-008 5.326083e-008 -2.952693e-008 -7.096470e-008 9.339078e-009 -1.337489e-007 6.334598e-008 -5.331350e-008 -9.746575e-004 8.824667e-003 5.857049e-003 -6.106692e-003 1.834674e-003 2.140600e-003 6.438790e-003 2.552634e-004 2.233275e-003 1.652292e-004 -2.947775e-004 1.625022e-004 1.768339e-002
<VARIANCE> 25
 5.093745e+001 1.386368e+002 7.180528e+001 8.644808e+001 6.100111e+001 5.655713e+001 7.255057e+001 5.467440e+001 5.467830e+001 5.295312e+001 4.155158e+001 3.905978e+001 1.136743e+000 2.774379e+000 2.153254e+000 3.157753e+000 2.791123e+000 2.802559e+000 3.391059e+000 2.977390e+000 2.833076e+000 2.917275e+000 2.609103e+000 2.223614e+000 1.691524e+000
<GCONST> 1.071680e+002
<STATE> 4
<MEAN> 25
 4.492237e-008 5.845701e-009 -1.328185e-007 -1.974899e-008 8.013701e-008 5.326083e-008 -2.952693e-008 -7.096470e-008 9.339078e-009 -1.337489e-007 6.334598e-008 -5.331350e-008 -9.746575e-004 8.824667e-003 5.857049e-003 -6.106692e-003 1.834674e-003 2.140600e-003 6.438790e-003 2.552634e-004 2.233275e-003 1.652292e-004 -2.947775e-004 1.625022e-004 1.768339e-002
<VARIANCE> 25
 5.093745e+001 1.386368e+002 7.180528e+001 8.644808e+001 6.100111e+001 5.655713e+001 7.255057e+001 5.467440e+001 5.467830e+001 5.295312e+001 4.155158e+001 3.905978e+001 1.136743e+000 2.774379e+000 2.153254e+000 3.157753e+000 2.791123e+000 2.802559e+000 3.391059e+000 2.977390e+000 2.833076e+000 2.917275e+000 2.609103e+000 2.223614e+000 1.691524e+000
<GCONST> 1.071680e+002
<TRANSP> 5
 0.000000e+000 1.000000e+000 0.000000e+000 0.000000e+000 0.000000e+000
 0.000000e+000 6.000000e-001 4.000000e-001 0.000000e+000 0.000000e+000
 0.000000e+000 0.000000e+000 6.000000e-001 4.000000e-001 0.000000e+000
 0.000000e+000 0.000000e+000 0.000000e+000 7.000000e-001 3.000000e-001
 0.000000e+000 0.000000e+000 0.000000e+000 0.000000e+000 0.000000e+000
<ENDHMM>
~h "d"
<BEGINHMM>
<NUMSTATES> 5
<STATE> 2
<MEAN> 25
 -2.336142e-001 7.808280e+000 1.934539e+000 -7.743607e+000 6.484073e+000 2.672888e+000 -7.135494e+000 -8.478502e+000 2.113727e-002 2.285059e+000 3.426722e+000 2.867130e+000 7.799777e-002 -4.818441e-001 1.869067e-001 1.900088e-001 -2.024061e-001 -1.492867e-001 -4.971593e-002 8.626584e-002 1.795049e-001 -2.120508e-001 -1.396675e-001 5.231717e-002 3.152522e-001
<VARIANCE> 25
 1.019138e+001 3.701962e+001 2.304680e+002 1.065798e+002 1.726585e+002 1.433482e+002 4.672688e+001 5.720629e+001 4.884550e+001 3.581890e+001 4.337957e+001 2.500936e+001 5.970230e-001 4.349833e+000 2.831247e+000 7.670708e+000 2.638335e+000 4.000345e+000 3.584046e+000 5.318873e+000 4.717795e+000 4.372379e+000 2.901799e+000 2.184562e+000 2.619604e+000
<GCONST> 1.096260e+002
<STATE> 3
<MEAN> 25
 1.271097e+000 -3.376119e+000 2.427950e+000 2.759104e+000 2.439001e+000 -4.638850e+000 -3.157005e+000 -6.568589e-001 -1.029446e-001 -1.100098e+000 1.329229e+000 -6.089934e-001 4.591887e-001 -5.353678e+000 1.848276e-001 6.582465e-001 1.115914e+000 -1.328581e+000 -6.172016e-001 1.674466e-001 -5.111656e-001 -3.633273e-001 3.474319e-001 -1.201914e+000 3.588561e+000
<VARIANCE> 25
 1.329208e+001 2.231276e+002 7.843034e+001 8.662776e+001 1.067025e+002 8.413578e+001 1.002449e+002 5.431395e+001 5.247282e+001 4.947852e+001 4.448000e+001 3.945691e+001 7.899816e-001 2.138837e+001 1.335838e+001 1.392029e+001 1.118610e+001 9.843661e+000 1.478043e+001 6.200140e+000 6.247904e+000 7.688452e+000 6.411798e+000 5.349813e+000 5.437741e+000
<GCONST> 1.221751e+002
<STATE> 4
<MEAN> 25
 1.033573e+000 -1.534794e+001 8.853956e+000 1.359853e+001 4.451149e+000 -1.385955e+001 -6.449614e+000 7.212904e+000 -3.059817e+000 1.298330e+000 -4.399643e+000 -6.036334e+000 1.084093e-001 -2.132520e-002 -1.617698e-001 -1.565594e-001 -1.415574e-001 5.541429e-002 5.254894e-002 -6.307839e-002 -3.850954e-002 -7.130736e-002 1.299854e-001 8.265273e-002 8.001900e-002
<VARIANCE> 25
 1.417509e+001 1.236683e+002 1.231314e+002 1.542070e+002 1.215521e+002 8.250647e+001 1.268343e+002 8.786368e+001 1.368581e+002 1.071200e+002 8.721391e+001 5.696779e+001 5.573912e-001 4.130333e+000 4.264384e+000 5.692464e+000 4.701979e+000 5.069563e+000 6.796442e+000 4.799044e+000 6.032861e+000 4.524827e+000 4.359567e+000 4.427463e+000 2.113465e+000
<GCONST> 1.175979e+002
<TRANSP> 5
 0.000000e+000 1.000000e+000 0.000000e+000 0.000000e+000 0.000000e+000
 0.000000e+000 7.529600e-001 2.470400e-001 0.000000e+000 0.000000e+000
 0.000000e+000 0.000000e+000 6.476465e-001 3.523535e-001 0.000000e+000
 0.000000e+000 0.000000e+000 0.000000e+000 8.815867e-001 1.184133e-001
 0.000000e+000 0.000000e+000 0.000000e+000 0.000000e+000 0.000000e+000
<ENDHMM>
~h "g"
<BEGINHMM>
<NUMSTATES> 5
<STATE> 2
<MEAN> 25
 1.217355e+000 2.921299e+000 6.513824e+000 4.874900e+000 -2.070530e+000 -2.850241e+000 -4.477065e+000 -5.949523e-001 -8.607899e-001 1.187611e+000 -2.452601e+000 -3.295127e+000 1.628947e-001 -1.834951e+000 -4.964209e-001 -9.048247e-001 2.605504e-001 -2.761832e-001 4.644672e-001 -4.454618e-003 -7.947674e-001 2.955214e-001 4.097211e-001 -5.814247e-001 1.526112e+000
<VARIANCE> 25
 4.049182e+001 1.900329e+002 1.104018e+002 1.671435e+002 1.012070e+002 7.751484e+001 6.915125e+001 6.397368e+001 5.761040e+001 5.666687e+001 4.596376e+001 4.895154e+001 5.366831e+000 1.269857e+001 1.017432e+001 1.620462e+001 1.037860e+001 7.104832e+000 9.400815e+000 5.665810e+000 5.801588e+000 8.002778e+000 3.741846e+000 4.457457e+000 7.695901e+000
<GCONST> 1.241856e+002
<STATE> 3
<MEAN> 25
 2.960203e+000 -7.077506e+000 -1.213094e+000 -8.080408e+000 2.565200e+000 -2.348999e+000 9.619046e-001 -1.267274e+000 -7.765864e+000 3.313570e+000 2.338754e+000 -3.606951e+000 7.412808e-001 6.307185e-002 4.257029e-001 -1.954307e+000 -9.278325e-001 -9.132965e-001 4.852637e-001 -2.696377e-001 -2.716596e-001 -9.939066e-001 -9.911159e-001 -1.389486e-001 1.485124e+000
<VARIANCE> 25
 2.932861e+001 1.001814e+002 1.018510e+002 1.082857e+002 1.231402e+002 7.533104e+001 1.060444e+002 4.190484e+001 1.165446e+002 1.710875e+002 4.514019e+001 5.502275e+001 2.159612e+000 4.170161e+000 4.390446e+000 1.044660e+001 7.582948e+000 7.348681e+000 8.327373e+000 3.718054e+000 6.832982e+000 9.755154e+000 4.283625e+000 3.206774e+000 3.425106e+000
<GCONST> 1.200207e+002
<STATE> 4
<MEAN> 25
 5.214293e+000 -9.957048e+000 -4.402704e+000 9.906031e-001 -9.966427e-001 1.331325e+000 3.140933e+000 -7.191392e+000 -1.951160e+000 4.787588e+000 -2.596720e+000 -4.272061e+000 -5.380722e-002 8.053125e-001 4.368373e-001 3.228668e-002 3.970316e-001 3.786039e-001 -5.100768e-001 9.338330e-002 3.762780e-001 -3.920585e-001 -5.445877e-001 7.706066e-002 -2.531648e-001
<VARIANCE> 25
 2.411803e+001 1.510656e+002 1.174345e+002 1.284122e+002 9.794434e+001 7.359329e+001 8.190744e+001 6.261618e+001 3.595808e+001 8.967349e+001 4.218686e+001 2.364725e+001 6.594409e-001 3.846557e+000 2.534654e+000 2.748023e+000 4.828069e+000 1.796267e+000 4.338078e+000 3.167250e+000 2.633827e+000 4.032375e+000 3.014741e+000 1.834565e+000 1.300557e+000
<GCONST> 1.081663e+002
<TRANSP> 5
 0.000000e+000 1.000000e+000 0.000000e+000 0.000000e+000 0.000000e+000
 0.000000e+000 8.079501e-001 1.920499e-001 0.000000e+000 0.000000e+000
 0.000000e+000 0.000000e+000 6.146838e-001 3.853162e-001 0.000000e+000
 0.000000e+000 0.000000e+000 0.000000e+000 6.281222e-001 3.718778e-001
 0.000000e+000 0.000000e+000 0.000000e+000 0.000000e+000 0.000000e+000
<ENDHMM>
~h "h"
<BEGINHMM>
<NUMSTATES> 5
<STATE> 2
<MEAN> 25
 -1.791226e+001 3.373303e+000 -1.580280e-002 1.128669e+001 3.582946e-001 5.914688e+000 -2.355328e-001 1.503421e+001 1.595084e+001 5.768612e+000 9.344706e+000 4.017823e+000 -1.405102e-002 -3.921044e-002 -1.025777e-001 5.155725e-002 5.916562e-002 1.270789e-001 2.760291e-002 -2.707984e-002 1.647359e-001 -6.092478e-002 -1.234295e-001 2.876535e-002 -1.115238e-002
<VARIANCE> 25
 2.265950e+001 1.026757e+001 3.188715e+000 7.761064e+000 4.882796e+000 6.126070e+000 8.480948e+000 1.178948e+001 3.391492e+001 9.398682e+000 1.016939e+001 2.787943e+001 2.334497e-002 2.070607e-001 4.190879e-001 3.972486e-001 4.167905e-001 5.082846e-001 7.113789e-001 7.300252e-001 1.730389e+000 1.191122e+000 9.748624e-001 1.019580e+000 2.049748e-002
<GCONST> 6.151786e+001
<STATE> 3
<MEAN> 25
 -6.386685e-001 -1.202478e+001 -5.312889e-002 2.127890e+000 -4.601491e-001 9.744461e+000 -1.815234e+000 7.554781e+000 5.062466e+000 4.676440e-001 5.474976e+000 -8.022148e+000 8.914437e-001 -4.719006e-001 -5.150055e-001 6.908063e-001 -1.413081e+000 5.255207e-001 -9.261954e-001 -3.373823e+000 1.802817e+000 -1.500248e+000 -1.688322e+000 2.743853e+000 4.789478e-001
<VARIANCE> 25
 7.583114e+001 8.734519e+001 4.243629e+000 3.198374e+001 8.313371e+000 2.855501e+001 8.851874e+000 7.739051e+001 7.416940e+001 2.595736e+001 1.522427e+001 5.880190e+001 5.936997e-001 1.412544e+000 8.886361e-001 4.341292e+000 5.435925e-001 3.476273e+000 2.039772e+000 2.882778e+000 1.968001e+000 1.941228e+000 2.292641e+000 2.296600e+000 4.673526e-001
<GCONST> 9.183793e+001
<STATE> 4
<MEAN> 25
 1.895748e+000 -5.694188e+000 -3.832188e+000 9.507987e+000 -2.889566e+000 6.005043e+000 1.771827e+000 -3.515236e+000 7.457180e+000 5.182576e+000 -4.033693e-001 -7.408323e-001 1.580563e+000 6.245506e-001 -2.233065e+000 -6.327397e-001 -1.162479e-001 -2.043702e+000 2.585679e-001 -1.270271e+000 -1.992623e+000 1.522493e+000 9.511433e-001 -1.800843e-001 6.488513e-001
<VARIANCE> 25
 9.293896e+001 5.618242e+001 1.759066e+001 1.504930e+001 1.090561e+001 4.776556e+001 4.887026e+001 6.991613e+001 3.752742e+001 2.936222e+001 4.706171e+001 2.288963e+001 4.746922e+000 5.082356e+000 1.370629e+000 3.840517e+000 2.017351e+000 1.431371e+000 4.977745e+000 6.052304e+000 7.085667e+000 5.457580e+000 6.053010e+000 2.449246e+000 5.318388e+000
<GCONST> 1.057977e+002
<TRANSP> 5
 0.000000e+000 1.000000e+000 0.000000e+000 0.000000e+000 0.000000e+000
 0.000000e+000 9.091526e-001 9.084733e-002 0.000000e+000 0.000000e+000
 0.000000e+000 0.000000e+000 5.713932e-001 4.286068e-001 0.000000e+000
 0.000000e+000 0.000000e+000 0.000000e+000 6.819386e-001 3.180613e-001
 0.000000e+000 0.000000e+000 0.000000e+000 0.000000e+000 0.000000e+000
<ENDHMM>
~h "j"
<BEGINHMM>
<NUMSTATES> 5
<STATE> 2
<MEAN> 25
 9.734776e+000 -1.330199e+001 -5.224339e+000 2.824081e+000 -8.458991e+000 3.440266e+000 -5.718887e+000 -4.316301e+000 -2.500106e+000 -4.121384e-001 -8.772310e-001 -3.548544e+000 1.132717e-001 6.580645e-001 -3.855048e-001 1.037138e+000 -9.793971e-002 -4.880989e-001 2.530830e-001 -5.109699e-001 3.078549e-002 2.086935e-001 -4.646040e-001 -1.635130e-001 -4.920880e-001
<VARIANCE> 25
 7.074203e+000 9.210329e+001 8.114594e+000 5.285688e+001 1.005984e+001 1.664279e+001 6.376950e+001 2.010057e+001 2.457399e+001 2.200219e+001 1.585782e+002 1.871379e+001 6.379795e-001 7.630888e-001 2.225939e-001 2.549596e+000 8.773611e-001 1.840141e+000 3.196083e+000 1.533293e+000 1.654930e+000 1.523340e+000 4.458665e+000 1.134502e+000 2.729639e-001
<GCONST> 8.708177e+001
<STATE> 3
<MEAN> 25
 3.127689e+000 8.129873e-001 -8.765158e+000 1.085793e+001 -6.836699e+000 3.713240e+000 -3.123212e+000 -5.561520e+000 -2.694726e+000 1.498850e+000 -3.718907e+000 -5.473340e+000 -1.426347e+000 6.360205e-001 5.394335e-001 -1.009995e+000 3.596820e-002 6.017654e-001 -7.857930e-002 1.225069e+000 2.993283e-001 5.354342e-001 1.543854e+000 -6.694386e-001 -1.197023e+000
<VARIANCE> 25
 4.965070e+001 8.640711e+001 3.305532e+001 2.983958e+001 1.750993e+001 4.689520e+001 1.088670e+002 2.133280e+001 1.280820e+001 5.161547e+001 1.690544e+001 4.078934e+001 1.836750e+000 8.325805e-001 3.415786e+000 4.190185e+000 2.072874e+000 2.710274e+000 3.944432e+000 1.293681e+000 1.383585e+000 2.400175e+000 2.976094e+000 5.130572e+000 1.333254e+000
<GCONST> 9.935143e+001
<STATE> 4
<MEAN> 25
 -4.800257e-001 6.270027e+000 4.465757e+000 -3.173845e+000 -4.933885e+000 -7.144874e+000 -7.928574e+000 2.211574e+000 -4.294069e-002 6.981088e+000 6.143896e+000 -7.820942e+000 -2.772548e-001 -4.663589e-001 3.184375e-001 -8.436624e-001 1.729127e-001 -1.922159e-001 -2.298240e-001 3.663313e-001 7.576033e-003 -1.274610e-001 7.429738e-002 -2.457784e-001 6.520832e-001
<VARIANCE> 25
 5.929117e+001 1.084581e+002 1.389656e+001 7.827426e+001 6.305130e+001 1.373520e+002 5.923331e+001 4.151882e+001 7.537855e+001 3.915652e+001 3.562927e+001 1.189563e+002 2.224885e+000 7.234848e+000 2.597642e+000 5.752249e+000 5.658958e+000 9.034737e+000 4.285528e+000 7.322273e+000 4.268975e+000 5.516071e+000 3.449427e+000 3.007717e+000 9.697933e+000
<GCONST> 1.155574e+002
<TRANSP> 5
 0.000000e+000 1.000000e+000 0.000000e+000 0.000000e+000 0.000000e+000
 0.000000e+000 9.059409e-001 9.405904e-002 0.000000e+000 0.000000e+000
 0.000000e+000 0.000000e+000 8.236303e-001 1.763697e-001 0.000000e+000
 0.000000e+000 0.000000e+000 0.000000e+000 9.302178e-001 6.978223e-002
 0.000000e+000 0.000000e+000 0.000000e+000 0.000000e+000 0.000000e+000
<ENDHMM>
~h "k"
<BEGINHMM>
<NUMSTATES> 5
<STATE> 2
<MEAN> 25
 1.740307e+000 4.720491e+000 -2.633585e+000 2.263779e-001 -7.571211e-001 5.945380e-001 -2.806785e+000 -1.873423e+000 7.216067e-001 -1.774800e+000 -4.796793e-001 4.500833e-001 8.650338e-003 -2.139540e+000 5.212958e-002 -8.147099e-001 -2.036503e-001 -4.198018e-003 1.226445e+000 -3.567468e-001 -6.303974e-001 7.311415e-002 -1.975736e-001 1.157787e-001 1.823028e+000
<VARIANCE> 25
 5.704123e+001 1.181618e+002 4.474051e+001 7.719756e+001 6.054625e+001 1.020263e+002 7.637158e+001 6.252165e+001 1.038126e+002 4.355371e+001 6.432549e+001 5.662235e+001 5.664010e+000 1.376004e+001 2.906537e+000 6.070035e+000 5.928483e+000 1.002080e+001 4.704028e+000 6.028043e+000 8.889385e+000 5.507911e+000 4.942293e+000 5.947534e+000 1.154897e+001
<GCONST> 1.211007e+002
<STATE> 3
<MEAN> 25
 3.124748e+000 -9.313936e+000 -2.982033e+000 -4.733846e+000 -4.932828e+000 1.638023e+000 5.634695e+000 -2.375383e+000 -2.263275e+000 -4.885282e-001 -2.332843e+000 2.266917e+000 2.016743e-001 -2.192385e+000 -2.884741e-001 2.614773e-002 -6.733530e-001 -5.310942e-001 1.610432e+000 -7.102847e-001 5.065480e-002 9.277338e-001 -1.024135e-001 -3.852989e-001 1.797651e+000
<VARIANCE> 25
 3.658056e+001 9.733260e+001 8.042086e+001 1.146640e+002 9.983430e+001 7.309228e+001 1.043425e+002 4.802653e+001 4.349954e+001 5.655857e+001 2.861866e+001 4.389373e+001 5.708116e+000 1.203908e+001 7.241266e+000 1.516753e+001 9.147530e+000 6.816021e+000 4.625935e+000 6.249660e+000 4.933620e+000 8.229096e+000 2.728361e+000 5.004599e+000 8.719168e+000
<GCONST> 1.205217e+002
<STATE> 4
<MEAN> 25
 6.847012e+000 -1.736904e+001 -8.766088e+000 8.375104e-001 -2.487959e+000 8.105868e-001 9.926351e+000 -6.203444e+000 -3.146529e+000 4.089550e+000 -2.355480e+000 -1.260360e+000 6.506577e-002 1.917360e-001 -2.917274e-002 2.034842e-002 2.984336e-001 6.671438e-002 -3.503006e-001 9.210603e-002 -2.319568e-001 -4.680956e-002 2.519343e-001 -1.011596e-001 -2.796820e-001
<VARIANCE> 25
 2.690507e+001 6.503765e+001 7.251743e+001 3.346070e+001 1.214338e+002 2.197768e+001 6.404511e+001 4.239775e+001 3.150566e+001 7.134212e+001 4.271457e+001 3.890751e+001 9.585531e-001 2.012290e+000 1.979886e+000 1.655946e+000 4.010059e+000 1.583951e+000 3.066552e+000 2.258242e+000 2.886596e+000 2.899584e+000 3.150459e+000 2.555136e+000 1.262809e+000
<GCONST> 1.022097e+002
<TRANSP> 5
 0.000000e+000 1.000000e+000 0.000000e+000 0.000000e+000 0.000000e+000
 0.000000e+000 6.886935e-001 3.113065e-001 0.000000e+000 0.000000e+000
 0.000000e+000 0.000000e+000 6.208200e-001 3.791800e-001 0.000000e+000
 0.000000e+000 0.000000e+000 0.000000e+000 8.640655e-001 1.359345e-001
 0.000000e+000 0.000000e+000 0.000000e+000 0.000000e+000 0.000000e+000
<ENDHMM>
~h "l"
<BEGINHMM>
<NUMSTATES> 5
<STATE> 2
<MEAN> 25
 1.179432e-001 -9.467480e-001 1.269415e+000 1.650690e+000 4.452631e-001 -3.965996e+000 -2.773883e+000 -1.112558e+000 4.717737e+000 -1.681843e+000 -2.968477e+000 3.450098e-001 -9.032152e-002 -1.064437e+000 6.657783e-001 3.749996e-001 -7.250468e-002 -1.645524e+000 -7.956842e-002 7.693015e-001 1.859276e-001 -1.673311e-001 -6.094458e-001 -2.602347e-001 8.016013e-001
<VARIANCE> 25
 4.057740e+001 1.632559e+002 6.916453e+001 1.569671e+002 9.700808e+001 1.293925e+002 7.900453e+001 9.697181e+001 8.653508e+001 7.507424e+001 5.187553e+001 6.626524e+001 1.736097e+000 1.051693e+001 5.222246e+000 1.253875e+001 1.082089e+001 1.215351e+001 1.114284e+001 1.029550e+001 5.832091e+000 7.567275e+000 6.234057e+000 6.663357e+000 3.330557e+000
<GCONST> 1.247661e+002
<STATE> 3
<MEAN> 25
 3.050567e+000 -1.722546e+001 6.174881e+000 2.926102e+000 1.137855e+000 -7.051709e+000 -5.706748e+000 3.871450e+000 -4.468292e+000 1.231826e+000 -1.577279e+000 -5.190364e+000 2.666961e-001 2.201017e-001 -4.852313e-002 -1.455030e-002 -4.704847e-001 2.652412e-001 1.915190e-001 -1.378166e-001 -2.322179e-001 9.196406e-002 -1.569210e-001 -8.812726e-002 -1.170304e-001
<VARIANCE> 25
 2.207224e+001 1.131424e+002 1.007523e+002 1.691878e+002 1.706869e+002 1.020401e+002 1.741857e+002 8.192429e+001 1.103400e+002 8.419729e+001 5.598039e+001 4.679536e+001 1.041018e+000 2.643242e+000 4.861683e+000 8.728467e+000 7.892275e+000 5.294537e+000 8.497430e+000 7.535532e+000 4.221727e+000 5.358621e+000 3.689264e+000 4.081140e+000 1.750353e+000
<GCONST> 1.188949e+002
<STATE> 4
<MEAN> 25
 4.816182e+000 -6.318449e+000 3.553635e-002 1.884894e+000 -5.947260e+000 -2.779474e+000 1.739918e+000 8.025344e-001 7.331691e-001 -2.281862e-001 -2.604272e+000 -2.770146e+000 -1.189462e-001 6.707976e-001 -3.028677e-001 -6.155132e-002 1.413997e-001 3.958015e-001 9.428245e-002 -3.620327e-002 4.083806e-001 -1.093341e-001 3.105414e-002 3.056413e-001 -5.481043e-001
<VARIANCE> 25
 1.488745e+001 1.551443e+002 5.507547e+001 9.515187e+001 6.269309e+001 1.036630e+002 7.060219e+001 7.699442e+001 6.902464e+001 4.824332e+001 3.779984e+001 5.842972e+001 4.377306e-001 1.854264e+000 1.584866e+000 3.741992e+000 2.731273e+000 3.710670e+000 3.570904e+000 2.954182e+000 4.070117e+000 2.223572e+000 2.929494e+000 2.675374e+000 7.827962e-001
<GCONST> 1.057073e+002
<TRANSP> 5
 0.000000e+000 1.000000e+000 0.000000e+000 0.000000e+000 0.000000e+000
 0.000000e+000 7.420626e-001 2.579374e-001 0.000000e+000 0.000000e+000
 0.000000e+000 0.000000e+000 8.157520e-001 1.842480e-001 0.000000e+000
 0.000000e+000 0.000000e+000 0.000000e+000 8.567042e-001 1.432958e-001
 0.000000e+000 0.000000e+000 0.000000e+000 0.000000e+000 0.000000e+000
<ENDHMM>
~h "m"
<BEGINHMM>
<NUMSTATES> 5
<STATE> 2
<MEAN> 25
 5.752994e+000 3.537209e+000 -1.793133e+000 -7.999153e-001 -3.655863e-001 1.519170e+000 -5.914407e-001 3.275912e-002 -2.140015e+000 -4.042350e+000 -3.223648e+000 -1.515337e+000 -9.894593e-002 1.552835e+000 5.906646e-001 6.312712e-001 -1.401706e-001 1.033846e-001 -3.045838e-001 -2.571633e-001 9.327270e-003 1.549199e-001 -6.568275e-001 -4.461475e-001 -8.806393e-001
<VARIANCE> 25
 3.843201e+001 7.546746e+001 4.380231e+001 1.073226e+002 4.330952e+001 5.914604e+001 6.177240e+001 3.714726e+001 4.315588e+001 3.892471e+001 3.192792e+001 2.636947e+001 1.281780e+000 2.776032e+000 2.803083e+000 6.096374e+000 2.949962e+000 3.235068e+000 2.665984e+000 3.435001e+000 2.858718e+000 4.087286e+000 2.694407e+000 2.316046e+000 1.326307e+000
<GCONST> 1.052737e+002
<STATE> 3
<MEAN> 25
 6.429729e+000 6.378670e+000 3.008637e+000 1.998488e+000 -2.173432e+000 -1.676343e+000 -4.451790e+000 -4.570772e+000 -5.189121e+000 -4.124288e+000 -6.120027e+000 -3.526358e+000 -2.161434e-001 3.141147e-001 2.040956e-001 3.479797e-001 1.766382e-001 -6.830200e-002 9.671916e-002 1.997408e-002 1.669059e-001 -2.549008e-002 -9.016641e-002 -1.803648e-002 -2.491295e-001
<VARIANCE> 25
 3.281593e+001 3.557394e+001 3.938323e+001 7.551857e+001 7.496442e+001 3.842531e+001 5.117807e+001 4.744022e+001 4.517385e+001 3.039354e+001 2.516440e+001 3.247337e+001 4.188668e-001 7.183423e-001 1.117411e+000 2.000839e+000 1.344552e+000 1.487524e+000 1.771487e+000 1.902966e+000 1.444814e+000 1.714064e+000 1.781726e+000 1.282871e+000 3.335062e-001
<GCONST> 9.284570e+001
<STATE> 4
<MEAN> 25
 -2.482224e+000 1.114955e+001 1.617733e+000 -6.078383e-001 -4.997788e-002 1.297511e+000 1.383169e-001 2.112323e+000 3.394213e+000 -1.114607e+000 -1.230386e-001 1.381773e+000 -6.639033e-002 7.512559e-003 6.859901e-002 8.366510e-002 1.726246e-002 -3.757957e-002 -4.590056e-002 -1.821545e-002 4.964465e-002 1.003587e-001 8.758063e-002 1.806893e-002 -4.105956e-002
<VARIANCE> 25
 2.326667e+001 5.570944e+001 1.732952e+001 5.353939e+001 3.302297e+001 2.881210e+001 3.760313e+001 2.929455e+001 2.949078e+001 3.405549e+001 2.527620e+001 2.599850e+001 1.298722e-001 3.742045e-001 7.584984e-001 9.280772e-001 1.249246e+000 1.533229e+000 1.459375e+000 1.615465e+000 1.686924e+000 1.645323e+000 1.429836e+000 1.339567e+000 7.940731e-002
<GCONST> 8.447931e+001
<TRANSP> 5
 0.000000e+000 1.000000e+000 0.000000e+000 0.000000e+000 0.000000e+000
 0.000000e+000 6.698047e-001 3.301953e-001 0.000000e+000 0.000000e+000
 0.000000e+000 0.000000e+000 6.905196e-001 3.094804e-001 0.000000e+000
 0.000000e+000 0.000000e+000 0.000000e+000 9.447259e-001 5.527410e-002
 0.000000e+000 0.000000e+000 0.000000e+000 0.000000e+000 0.000000e+000
<ENDHMM>
~h "n"
<BEGINHMM>
<NUMSTATES> 5
<STATE> 2
<MEAN> 25
 5.188532e+000 1.420278e-001 -1.999328e+000 -1.920903e+000 1.543624e+000 -2.157362e+000 -1.257025e+000 -1.187728e+000 -4.979835e+000 -5.573927e+000 1.389366e+000 1.820003e+000 9.386954e-002 1.493851e+000 -2.206295e-001 1.140429e+000 -6.362093e-002 6.548744e-001 -2.958442e-001 -3.554813e-001 -2.000852e-001 4.566778e-001 -5.812490e-001 2.900556e-001 -1.440107e+000
<VARIANCE> 25
 2.570581e+001 6.706015e+001 4.080272e+001 6.565388e+001 6.531404e+001 5.231748e+001 6.669908e+001 4.701895e+001 6.345583e+001 3.646301e+001 4.652925e+001 3.522915e+001 9.616320e-001 2.263207e+000 2.801125e+000 5.667586e+000 3.359499e+000 4.575668e+000 3.353301e+000 4.981578e+000 4.158028e+000 3.403272e+000 4.941505e+000 2.423695e+000 1.219432e+000
<GCONST> 1.070501e+002
<STATE> 3
<MEAN> 25
 3.644544e+000 5.887627e+000 -4.870413e-001 7.794816e-001 3.800266e-001 1.104808e+000 -3.252355e+000 -4.794822e+000 -4.379121e+000 -2.642375e+000 -1.206820e+000 1.852504e+000 -5.086932e-001 6.681144e-001 2.338512e-001 3.327630e-001 -4.824897e-003 4.313777e-001 2.012653e-001 3.096865e-001 4.217307e-001 1.973378e-001 -1.153706e-001 -5.073843e-003 -7.889340e-001
<VARIANCE> 25
 2.947944e+001 3.770161e+001 4.639945e+001 8.417709e+001 5.026255e+001 6.200328e+001 4.747785e+001 3.272873e+001 3.969715e+001 3.005485e+001 4.049280e+001 4.440464e+001 6.440954e-001 1.286728e+000 1.490479e+000 3.548128e+000 1.735380e+000 2.222560e+000 2.513726e+000 2.851834e+000 2.625670e+000 2.567105e+000 2.689039e+000 2.104126e+000 5.684486e-001
<GCONST> 9.907595e+001
<STATE> 4
<MEAN> 25
 -3.910661e+000 7.378272e+000 1.106694e+000 1.397799e+000 2.217705e+000 1.823128e+000 1.742699e+000 2.429308e+000 3.332351e+000 1.192147e+000 1.486148e+000 1.130729e+000 -7.409426e-002 2.166634e-002 8.416494e-002 8.957890e-002 4.460699e-003 -9.166335e-003 2.467698e-002 6.502797e-002 1.024894e-001 9.284293e-002 -3.000269e-003 -3.681535e-002 -5.099032e-002
<VARIANCE> 25
 1.432376e+001 4.956771e+001 1.411086e+001 3.792530e+001 1.960586e+001 1.996837e+001 3.119820e+001 2.043998e+001 2.323553e+001 2.720535e+001 1.961558e+001 1.916504e+001 1.480248e-001 3.106047e-001 6.269706e-001 7.726586e-001 9.554291e-001 1.316909e+000 1.379191e+000 1.345958e+000 1.595032e+000 1.494708e+000 1.346478e+000 1.301705e+000 6.304628e-002
<GCONST> 7.931110e+001
<TRANSP> 5
 0.000000e+000 1.000000e+000 0.000000e+000 0.000000e+000 0.000000e+000
 0.000000e+000 6.067196e-001 3.932804e-001 0.000000e+000 0.000000e+000
 0.000000e+000 0.000000e+000 6.660621e-001 3.339379e-001 0.000000e+000
 0.000000e+000 0.000000e+000 0.000000e+000 9.585776e-001 4.142246e-002
 0.000000e+000 0.000000e+000 0.000000e+000 0.000000e+000 0.000000e+000
<ENDHMM>
~h "p"
<BEGINHMM>
<NUMSTATES> 5
<STATE> 2
<MEAN> 25
 1.308420e+000 2.272881e+000 -4.058800e+000 6.504714e-001 -2.830048e+000 2.257035e+000 -1.561105e+000 3.022455e+000 1.313315e+000 3.172547e+000 1.548997e+000 5.030057e-001 5.522784e-001 -1.238533e+000 5.344147e-001 -1.414734e+000 4.369247e-001 -4.269090e-001 1.011353e+000 3.612358e-002 -3.930756e-001 -3.643911e-001 -1.865561e-001 -5.024949e-001 2.559012e+000
<VARIANCE> 25
 5.482706e+001 7.354466e+001 3.916450e+001 6.515128e+001 4.306135e+001 4.885156e+001 5.950514e+001 6.476399e+001 5.897276e+001 3.895243e+001 3.090271e+001 1.925073e+001 7.340184e+000 6.574510e+000 4.048931e+000 6.932562e+000 5.625897e+000 6.509568e+000 5.418679e+000 6.729956e+000 5.740734e+000 5.286411e+000 3.631779e+000 3.318017e+000 1.198572e+001
<GCONST> 1.149234e+002
<STATE> 3
<MEAN> 25
 1.744050e+000 -2.425310e+000 9.814971e-001 -6.809097e+000 -3.294098e-001 4.400369e-001 2.088027e+000 -1.744311e+000 -1.147467e+000 2.807930e-001 -1.787412e+000 -5.744620e-001 -3.753010e-001 -5.129681e-001 5.745555e-003 -2.878101e-002 5.758919e-001 1.062667e-001 4.888139e-001 3.844152e-002 2.124800e-001 -4.963523e-001 3.413351e-001 8.722121e-002 8.218302e-001
<VARIANCE> 25
 2.676345e+001 1.063796e+002 8.735432e+001 1.000417e+002 6.327405e+001 3.692352e+001 5.598653e+001 6.510107e+001 3.783810e+001 3.757853e+001 4.168242e+001 1.806625e+001 2.457952e+000 2.428853e+000 2.674105e+000 4.059593e+000 2.896246e+000 3.335265e+000 4.700703e+000 4.136146e+000 2.196199e+000 3.617611e+000 2.561937e+000 2.524542e+000 2.873055e+000
<GCONST> 1.072194e+002
<STATE> 4
<MEAN> 25
 -4.187441e+000 2.723386e+000 -8.898147e-001 -3.764686e-001 1.464512e+000 2.319566e+000 3.490197e+000 2.517726e+000 1.970634e+000 2.005512e+000 2.634038e+000 4.389866e-001 -7.365125e-002 -4.928508e-002 -1.018310e-002 3.288481e-002 2.700044e-002 -2.803651e-002 -2.309082e-002 4.290449e-002 3.211708e-002 1.342915e-003 8.139855e-002 6.014165e-002 -3.084924e-003
<VARIANCE> 25
 1.968380e+001 5.009681e+001 2.032984e+001 3.739682e+001 2.053049e+001 1.576636e+001 2.043780e+001 2.578600e+001 2.015220e+001 2.637886e+001 1.705974e+001 1.584981e+001 4.240906e-001 6.926412e-001 8.312500e-001 9.007367e-001 1.257525e+000 1.358846e+000 1.651582e+000 1.761257e+000 1.556469e+000 1.624481e+000 1.365809e+000 1.221408e+000 4.229123e-001
<GCONST> 8.406501e+001
<TRANSP> 5
 0.000000e+000 1.000000e+000 0.000000e+000 0.000000e+000 0.000000e+000
 0.000000e+000 6.565735e-001 3.434266e-001 0.000000e+000 0.000000e+000
 0.000000e+000 0.000000e+000 2.603965e-001 7.396036e-001 0.000000e+000
 0.000000e+000 0.000000e+000 0.000000e+000 8.977069e-001 1.022931e-001
 0.000000e+000 0.000000e+000 0.000000e+000 0.000000e+000 0.000000e+000
<ENDHMM>
~h "r"
<BEGINHMM>
<NUMSTATES> 5
<STATE> 2
<MEAN> 25
 7.253172e+000 -1.427093e+001 -3.791472e+000 -1.983901e+000 -1.066571e+000 5.898407e-001 -1.775105e+000 2.012345e+000 -1.021437e+000 3.850233e-001 4.385916e-001 -2.851005e+000 4.349019e-002 -1.148880e+000 5.085493e-002 4.474416e-001 -1.665235e-001 3.607627e-001 -1.129090e-001 1.482473e-001 -2.595319e-001 4.426394e-003 5.488054e-001 2.002886e-001 2.469231e-001
<VARIANCE> 25
 2.190994e+001 1.105751e+002 6.000162e+001 6.290313e+001 1.602449e+002 7.068140e+001 1.805067e+002 6.090908e+001 5.664864e+001 8.131792e+001 6.803792e+001 3.991337e+001 1.786201e+000 4.292325e+000 3.962162e+000 5.385860e+000 9.324282e+000 5.079899e+000 1.085371e+001 6.375142e+000 8.248662e+000 5.401009e+000 4.071970e+000 4.932244e+000 2.017900e+000
<GCONST> 1.176485e+002
<STATE> 3
<MEAN> 25
 7.084874e+000 -1.160013e+001 2.419861e-001 -2.636108e+000 -4.828203e+000 -2.876794e-001 6.417529e+000 4.806675e-001 -5.967140e+000 -2.546511e-001 -2.350423e+000 -2.770344e+000 -3.230890e-001 3.454827e-002 -3.607045e-002 -1.832454e-001 2.535538e-001 9.125488e-002 6.695071e-001 -5.097088e-001 3.477359e-002 2.598682e-002 8.190919e-002 2.516553e-001 5.486401e-002
<VARIANCE> 25
 1.406262e+001 8.179414e+001 6.275503e+001 6.775567e+001 8.817696e+001 3.835445e+001 1.493240e+002 9.867957e+001 7.613856e+001 4.168634e+001 1.097368e+002 4.954979e+001 2.084306e+000 3.792592e+000 3.834266e+000 5.782044e+000 4.772312e+000 3.424738e+000 9.111805e+000 7.729080e+000 6.195424e+000 3.551827e+000 7.699983e+000 3.371948e+000 2.163603e+000
<GCONST> 1.150722e+002
<STATE> 4
<MEAN> 25
 6.558912e+000 -1.527135e+001 -8.560433e+000 2.662950e+000 -1.361628e+000 -1.098581e+000 6.486722e+000 -3.333298e+000 -2.405641e+000 5.791679e+000 9.897016e-001 -3.728922e+000 -2.592986e-001 3.587616e-001 -2.939508e-003 8.318986e-002 4.261496e-001 -1.353492e-001 5.425502e-002 -2.368421e-001 -8.398858e-002 3.463034e-002 -1.021857e-002 5.476803e-002 -2.370745e-001
<VARIANCE> 25
 1.761029e+001 9.573917e+001 7.445048e+001 1.220301e+002 1.472673e+002 4.824900e+001 1.617274e+002 4.490860e+001 5.521625e+001 4.379018e+001 4.555423e+001 2.565788e+001 5.429652e-001 2.759610e+000 1.953960e+000 3.316529e+000 3.406563e+000 2.822488e+000 4.135295e+000 2.939011e+000 2.281579e+000 2.762975e+000 2.296988e+000 2.501383e+000 7.059654e-001
<GCONST> 1.053806e+002
<TRANSP> 5
 0.000000e+000 1.000000e+000 0.000000e+000 0.000000e+000 0.000000e+000
 0.000000e+000 7.199214e-001 2.800786e-001 0.000000e+000 0.000000e+000
 0.000000e+000 0.000000e+000 8.066069e-001 1.933931e-001 0.000000e+000
 0.000000e+000 0.000000e+000 0.000000e+000 8.214504e-001 1.785496e-001
 0.000000e+000 0.000000e+000 0.000000e+000 0.000000e+000 0.000000e+000
<ENDHMM>
~h "s"
<BEGINHMM>
<NUMSTATES> 5
<STATE> 2
<MEAN> 25
 -3.607569e+000 4.943950e+000 -3.594256e+000 -3.685241e-001 -1.487448e-001 -1.358138e+000 5.557824e+000 -2.674647e+000 -5.860229e+000 3.198970e-001 4.149845e+000 4.342137e-001 -1.052668e+000 2.441558e-002 3.659677e-001 -2.299009e-001 -8.613369e-002 3.321132e-001 2.609924e-001 -4.390168e-001 2.862184e-001 6.354876e-001 4.765452e-001 -1.668972e-001 1.004944e-001
<VARIANCE> 25
 4.061173e+001 6.551237e+001 5.175346e+001 4.698902e+001 4.858794e+001 6.876816e+001 6.651711e+001 5.759120e+001 7.995626e+001 5.269587e+001 3.888487e+001 6.355997e+001 2.430355e+000 4.949896e+000 4.275331e+000 3.585953e+000 2.936506e+000 4.631228e+000 4.227028e+000 4.655870e+000 5.480465e+000 4.656489e+000 4.698276e+000 3.196139e+000 1.086874e+000
<GCONST> 1.109920e+002
<STATE> 3
<MEAN> 25
 -9.729355e+000 -6.964344e+000 5.658150e+000 -2.431265e+000 -2.228610e+000 4.493388e+000 1.361880e+000 -3.204662e+000 3.277338e+000 4.931417e+000 3.583602e+000 4.975428e-001 1.434889e-001 -2.264200e-001 -1.415924e-001 -2.314353e-001 -1.025416e-001 -1.875856e-001 -2.736433e-001 2.350062e-002 1.888276e-002 -2.038166e-001 -2.554913e-001 -1.038854e-002 2.732151e-001
<VARIANCE> 25
 1.157760e+002 1.478183e+002 1.561851e+002 2.376610e+002 5.369699e+001 6.573560e+001 7.790169e+001 1.299880e+002 8.219646e+001 4.291995e+001 3.543208e+001 3.280985e+001 4.420954e+000 2.484142e+000 4.476757e+000 3.892437e+000 4.275800e+000 2.702305e+000 4.323978e+000 3.826027e+000 3.107572e+000 2.965812e+000 2.522001e+000 2.608754e+000 1.799182e+000
<GCONST> 1.140347e+002
<STATE> 4
<MEAN> 25
 -3.838296e+000 3.428399e+000 -3.196100e+000 -1.783271e+000 -1.047083e+000 1.767976e+000 8.941299e-001 -6.210055e-001 9.030593e-001 2.100816e+000 1.945179e+000 7.893746e-001 6.149343e-001 1.521135e-001 -1.335161e-002 -1.385424e-001 -1.156658e-001 -2.533579e-001 -2.670606e-001 2.501750e-001 -1.461433e-001 -3.752215e-001 -2.349313e-001 1.201604e-001 -5.794649e-002
<VARIANCE> 25
 3.849525e+001 1.142531e+002 4.709457e+001 6.430658e+001 4.481117e+001 4.131263e+001 4.935694e+001 3.822801e+001 3.828464e+001 3.424914e+001 2.734222e+001 2.853229e+001 2.679246e+000 1.374499e+000 2.239374e+000 2.267718e+000 1.925565e+000 2.686531e+000 3.043022e+000 3.117792e+000 2.332668e+000 2.611173e+000 2.526027e+000 2.131288e+000 5.794414e-001
<GCONST> 1.010227e+002
<TRANSP> 5
 0.000000e+000 1.000000e+000 0.000000e+000 0.000000e+000 0.000000e+000
 0.000000e+000 7.657506e-001 2.342493e-001 0.000000e+000 0.000000e+000
 0.000000e+000 0.000000e+000 8.265330e-001 1.734670e-001 0.000000e+000
 0.000000e+000 0.000000e+000 0.000000e+000 6.737745e-001 3.262255e-001
 0.000000e+000 0.000000e+000 0.000000e+000 0.000000e+000 0.000000e+000
<ENDHMM>
~h "t"
<BEGINHMM>
<NUMSTATES> 5
<STATE> 2
<MEAN> 25
 1.418725e-001 2.439515e+000 2.424626e+000 4.675615e+000 6.022105e-001 -1.019377e+000 -4.131660e+000 -1.513013e+000 -1.205050e+000 -8.491888e-001 -2.857067e+000 -3.231416e+000 -3.043822e-001 -3.150868e+000 6.412900e-001 -9.884235e-001 4.513558e-001 -1.506620e+000 4.835490e-001 4.799157e-002 -3.205902e-001 1.538878e-001 4.977646e-001 -2.253787e-001 2.779242e+000
<VARIANCE> 25
 4.007967e+001 1.428328e+002 5.514822e+001 9.797105e+001 9.316593e+001 1.038598e+002 1.155771e+002 6.991876e+001 1.004692e+002 5.585188e+001 6.706348e+001 4.947722e+001 5.095539e+000 1.501451e+001 5.435487e+000 1.093543e+001 1.127856e+001 1.122524e+001 1.531294e+001 1.076624e+001 8.070607e+000 8.118951e+000 5.703620e+000 3.792972e+000 1.077015e+001
<GCONST> 1.261105e+002
<STATE> 3
<MEAN> 25
 2.169249e+000 -1.371941e+001 4.229854e+000 1.467621e+000 4.755539e-001 -7.113999e+000 -3.026318e-001 9.323778e-001 -5.509518e+000 1.431632e+000 -9.593310e-001 -2.518102e+000 6.339508e-001 -9.881946e-001 -2.979496e-001 -5.103370e-001 1.538323e-001 7.621808e-001 6.565337e-001 -5.430732e-001 -3.264049e-002 -2.272475e-001 -2.750790e-001 5.954156e-002 1.221748e+000
<VARIANCE> 25
 2.774750e+001 1.434978e+002 1.092997e+002 1.234803e+002 2.251797e+002 9.333971e+001 2.830690e+002 1.252363e+002 1.158329e+002 1.020707e+002 4.385749e+001 5.703306e+001 2.043695e+000 7.556675e+000 7.618666e+000 1.147281e+001 8.680309e+000 8.115291e+000 1.300044e+001 7.757751e+000 1.000300e+001 7.024110e+000 3.777714e+000 4.908507e+000 6.333385e+000
<GCONST> 1.264724e+002
<STATE> 4
<MEAN> 25
 3.318550e+000 -1.041508e+001 -2.987242e+000 5.104356e-001 1.028094e+000 2.271682e-001 6.674254e+000 -4.884622e-001 -4.144712e+000 -3.154758e-001 1.813439e+000 -3.115167e-001 -7.909124e-003 4.259658e-001 -1.721967e-001 -1.465894e-001 3.472743e-002 3.249263e-001 -2.440888e-001 -2.171801e-001 5.915181e-002 -8.464105e-002 1.842594e-002 2.889310e-001 -4.670697e-001
<VARIANCE> 25
 1.936437e+001 1.185631e+002 4.708064e+001 8.640209e+001 7.800466e+001 4.811600e+001 9.707979e+001 5.870632e+001 6.918885e+001 6.804332e+001 5.718623e+001 9.776186e+001 6.639187e-001 3.070539e+000 1.296891e+000 2.899609e+000 3.400288e+000 1.929924e+000 3.945157e+000 2.461723e+000 2.888953e+000 2.796595e+000 2.831005e+000 2.004682e+000 1.249792e+000
<GCONST> 1.062009e+002
<TRANSP> 5
 0.000000e+000 1.000000e+000 0.000000e+000 0.000000e+000 0.000000e+000
 0.000000e+000 7.213606e-001 2.786393e-001 0.000000e+000 0.000000e+000
 0.000000e+000 0.000000e+000 6.825210e-001 3.174790e-001 0.000000e+000
 0.000000e+000 0.000000e+000 0.000000e+000 8.667208e-001 1.332792e-001
 0.000000e+000 0.000000e+000 0.000000e+000 0.000000e+000 0.000000e+000
<ENDHMM>
~h "w"
<BEGINHMM>
<NUMSTATES> 5
<STATE> 2
<MEAN> 25
 7.570691e+000 1.057250e+001 8.643715e+000 -9.437438e+000 9.987421e-001 -6.962803e+000 -3.266806e+000 3.187734e+000 -5.035640e+000 -1.133259e+000 -7.061604e+000 -2.134973e+000 1.001047e-001 4.277812e-001 -1.667528e-001 -6.549864e-002 -3.971376e-001 -9.823104e-001 2.957541e-001 8.726071e-001 -1.649496e-001 9.440708e-001 3.215848e-001 -3.471619e-001 -1.633339e-001
<VARIANCE> 25
 1.169773e+001 7.902862e+000 3.793123e+001 8.568044e+000 1.204796e+001 3.765626e+001 1.805163e+001 2.162423e+001 3.654469e+001 1.287215e+002 3.598581e+001 2.348754e+001 1.732678e-001 7.919875e-001 1.434044e+000 1.736866e+000 1.213944e+000 1.690273e+000 1.847693e+000 1.245597e+000 1.380958e+000 3.808464e+000 1.746972e+000 1.603354e+000 4.016069e-001
<GCONST> 8.579406e+001
<STATE> 3
<MEAN> 25
 6.147215e+000 3.136512e+000 1.605584e+000 -1.488994e+001 5.873878e+000 -9.049080e+000 5.122755e-001 4.198882e+000 -2.686114e+000 -1.606330e-001 8.864449e-001 -2.147823e+000 -5.255086e-001 -2.049763e+000 -5.338574e-001 -2.360886e-001 8.431388e-001 6.848425e-001 1.473163e+000 -9.245389e-001 1.121806e+000 -7.065456e-001 3.996248e-001 -8.047370e-002 1.429498e+000
<VARIANCE> 25
 1.705641e+001 7.478874e+001 3.395683e+001 3.429621e+001 4.975930e+001 5.257025e+001 6.083709e+001 5.091250e+001 6.370511e+001 1.236892e+002 5.215160e+001 4.826488e+001 4.739388e-001 1.808208e+000 1.960222e+000 4.489677e+000 1.528269e+000 1.668907e+000 3.404297e+000 2.370514e+000 4.405749e+000 6.973019e+000 1.006462e+001 6.538084e+000 1.093929e+000
<GCONST> 1.056152e+002
<STATE> 4
<MEAN> 25
 -1.748698e+000 7.113214e+000 2.209366e+000 -7.256359e+000 3.203637e+000 -2.632125e+000 1.887675e+000 9.926057e-001 2.474226e+000 -2.902265e+000 2.074176e+000 4.330946e+000 -3.973700e-002 -6.212217e-002 -4.847410e-002 1.331225e-001 -1.038281e-001 -2.065449e-003 1.156823e-002 -1.173419e-001 -1.452701e-001 9.783641e-002 1.162103e-001 2.909970e-002 -8.759926e-002
<VARIANCE> 25
 2.006469e+001 2.029469e+002 1.173140e+001 2.114898e+001 2.660368e+001 3.094695e+001 8.063200e+001 2.018261e+001 3.819138e+001 2.204794e+001 1.956769e+001 2.210612e+001 1.973039e-001 3.765517e-001 7.631710e-001 7.922922e-001 1.063594e+000 1.415545e+000 1.462996e+000 2.171754e+000 2.229244e+000 1.976076e+000 1.808462e+000 1.650183e+000 1.171757e-001
<GCONST> 8.558073e+001
<TRANSP> 5
 0.000000e+000 1.000000e+000 0.000000e+000 0.000000e+000 0.000000e+000
 0.000000e+000 8.410831e-001 1.589169e-001 0.000000e+000 0.000000e+000
 0.000000e+000 0.000000e+000 8.015457e-001 1.984543e-001 0.000000e+000
 0.000000e+000 0.000000e+000 0.000000e+000 9.450844e-001 5.491566e-002
 0.000000e+000 0.000000e+000 0.000000e+000 0.000000e+000 0.000000e+000
<ENDHMM>
~h "y"
<BEGINHMM>
<NUMSTATES> 5
<STATE> 2
<MEAN> 25
 1.642188e-001 -7.308536e+000 5.403362e+000 -7.258936e+000 -7.728926e-001 6.038051e-001 2.553995e+000 -6.374458e+000 -1.586487e+000 2.814902e+000 1.405977e+000 6.578052e-002 -8.009253e-001 -3.573283e-001 1.495881e+000 -8.619782e-001 8.591812e-001 -2.052221e-001 -9.615441e-001 -4.523458e-001 3.964534e-001 4.671828e-001 -5.916296e-002 2.919319e-001 4.909036e-001
<VARIANCE> 25
 6.629200e+001 1.564954e+002 1.122180e+002 1.106714e+002 8.771467e+001 7.035136e+001 1.011560e+002 7.867678e+001 9.024448e+001 6.935661e+001 6.413576e+001 4.518892e+001 4.071727e+000 8.281758e+000 7.464950e+000 8.800092e+000 7.856140e+000 5.855906e+000 9.821744e+000 7.866055e+000 5.659471e+000 6.297212e+000 4.393660e+000 4.951530e+000 2.745868e+000
<GCONST> 1.225867e+002
<STATE> 3
<MEAN> 25
 -8.562694e+000 -1.348011e+001 1.680156e+001 -1.536450e+001 6.327064e+000 -1.579563e+000 -3.147369e+000 -7.755922e+000 2.276759e+000 4.519780e+000 -1.925704e+000 7.751989e-001 5.385157e-001 -2.271576e-001 -1.335271e-002 1.317782e+000 -4.457479e-001 -4.256046e-001 2.133504e-001 5.152090e-001 -6.449401e-001 -5.934396e-001 -1.878890e-001 -1.373883e+000 2.427159e-002
<VARIANCE> 25
 1.261434e+002 1.733210e+002 9.694517e+001 1.170021e+002 1.659529e+002 5.043624e+001 8.961583e+001 4.151339e+001 4.565804e+001 3.317404e+001 3.578986e+001 6.048988e+001 3.541142e+000 3.118586e+000 4.161681e+000 6.323054e+000 4.119761e+000 3.633481e+000 8.246108e+000 3.728686e+000 3.218414e+000 4.239939e+000 3.271755e+000 3.577099e+000 1.050547e+000
<GCONST> 1.144592e+002
<STATE> 4
<MEAN> 25
 1.854753e+000 -8.692877e+000 1.254148e+001 6.262025e+000 1.489385e+000 -1.037393e+001 -1.046068e+001 -2.213749e+000 -7.286694e-001 -2.042916e+000 7.152563e-002 -9.100924e+000 1.969392e-001 -1.285657e-002 -4.837439e-001 -3.260239e-001 -1.908194e-001 -4.271482e-002 3.409495e-001 1.820682e-001 1.423016e-001 -6.839282e-002 4.170748e-001 3.843535e-001 1.449344e-001
<VARIANCE> 25
 1.072922e+001 1.127682e+002 7.825846e+001 1.370059e+002 1.159987e+002 8.110735e+001 7.028588e+001 6.080891e+001 4.839246e+001 6.083884e+001 5.650609e+001 3.127893e+001 3.528081e-001 1.080762e+000 2.873594e+000 4.350483e+000 1.926465e+000 2.449564e+000 3.960726e+000 2.722391e+000 2.128253e+000 2.901123e+000 2.433192e+000 2.167979e+000 5.858891e-001
<GCONST> 1.037398e+002
<TRANSP> 5
 0.000000e+000 1.000000e+000 0.000000e+000 0.000000e+000 0.000000e+000
 0.000000e+000 7.065338e-001 2.934661e-001 0.000000e+000 0.000000e+000
 0.000000e+000 0.000000e+000 7.515243e-001 2.484757e-001 0.000000e+000
 0.000000e+000 0.000000e+000 0.000000e+000 8.814358e-001 1.185643e-001
 0.000000e+000 0.000000e+000 0.000000e+000 0.000000e+000 0.000000e+000
<ENDHMM>
~h "aa"
<BEGINHMM>
<NUMSTATES> 5
<STATE> 2
<MEAN> 25
 3.160875e+000 -4.345082e+000 -1.493531e+000 -2.294159e+000 -1.061450e+000 -1.711580e+000 1.824983e+000 -6.562285e-001 -9.224539e-001 -1.027587e+000 5.288617e-001 -6.118163e-001 1.073228e+000 -1.881352e+000 -8.664973e-001 -7.216966e-001 2.129241e-001 1.193530e-001 6.462154e-001 -7.269676e-002 -6.797150e-001 -7.028911e-001 -2.894609e-001 1.174607e-001 1.608437e+000
<VARIANCE> 25
 3.802806e+001 1.220167e+002 4.649598e+001 7.354349e+001 8.489355e+001 4.957650e+001 9.602840e+001 5.380346e+001 5.871178e+001 5.569584e+001 5.921210e+001 3.764450e+001 3.186336e+000 6.989862e+000 3.848574e+000 7.464254e+000 8.027010e+000 5.184529e+000 8.182871e+000 5.813645e+000 5.237642e+000 5.975110e+000 5.980616e+000 4.303283e+000 4.596206e+000
<GCONST> 1.174919e+002
<STATE> 3
<MEAN> 25
 6.684513e+000 -1.318845e+001 -6.324199e+000 9.051730e-001 6.666913e-002 1.538930e+000 4.640831e+000 -1.909979e+000 -4.429879e+000 -9.909317e-001 4.056640e-001 -1.704738e+000 2.060265e-001 4.577056e-001 -2.706698e-001 3.450067e-001 9.584140e-002 3.774252e-001 -2.649015e-001 -2.156441e-001 -1.788017e-001 -1.220579e-001 -2.688199e-001 1.792994e-001 -5.528017e-001
<VARIANCE> 25
 1.935322e+001 1.142586e+002 4.726682e+001 7.694319e+001 6.980321e+001 5.244849e+001 7.870853e+001 5.962516e+001 4.907901e+001 6.017397e+001 7.260609e+001 5.359453e+001 9.971973e-001 2.957361e+000 2.052571e+000 4.100318e+000 3.477355e+000 3.157289e+000 4.706965e+000 3.932550e+000 2.887302e+000 3.723256e+000 4.102855e+000 2.956238e+000 1.663467e+000
<GCONST> 1.086690e+002
<STATE> 4
<MEAN> 25
 6.156481e+000 -5.752908e+000 -4.139997e+000 -3.902369e+000 -2.495221e-001 2.908494e-001 1.381025e+000 -2.368761e+000 -3.172953e+000 -4.161747e+000 -1.384766e+000 1.120531e+000 -1.511322e-001 6.277729e-001 1.460365e-001 -3.936953e-003 -1.485773e-001 -9.097411e-002 -1.070995e-001 2.441943e-002 -2.665927e-004 4.593066e-002 1.502948e-001 -4.107713e-003 -4.237369e-001
<VARIANCE> 25
 2.470205e+001 1.194076e+002 3.564058e+001 8.894214e+001 4.875180e+001 4.453805e+001 8.196442e+001 3.658377e+001 4.128382e+001 5.727706e+001 5.326654e+001 3.838175e+001 2.531272e-001 1.258401e+000 1.019748e+000 1.576358e+000 1.663904e+000 1.826969e+000 1.914655e+000 2.032374e+000 1.612109e+000 2.205215e+000 1.757518e+000 1.588471e+000 3.552602e-001
<GCONST> 9.613942e+001
<TRANSP> 5
 0.000000e+000 1.000000e+000 0.000000e+000 0.000000e+000 0.000000e+000
 0.000000e+000 6.702564e-001 3.297435e-001 0.000000e+000 0.000000e+000
 0.000000e+000 0.000000e+000 7.535386e-001 2.464614e-001 0.000000e+000
 0.000000e+000 0.000000e+000 0.000000e+000 8.546153e-001 1.453847e-001
 0.000000e+000 0.000000e+000 0.000000e+000 0.000000e+000 0.000000e+000
<ENDHMM>
~h "ao"
<BEGINHMM>
<NUMSTATES> 5
<STATE> 2
<MEAN> 25
 7.248206e+000 -1.902561e-001 -1.849227e+000 -9.638207e+000 4.080304e+000 -2.428091e+000 -1.619082e+000 -1.942241e+000 -6.035602e+000 3.145431e+000 -3.779435e+000 -5.128302e+000 2.509803e-001 2.358338e-001 8.721771e-001 -1.541098e+000 9.699213e-002 -9.364089e-001 -2.335234e-002 3.373167e-001 4.699275e-001 -3.640413e-002 -5.824031e-001 -1.474284e+000 1.190320e+000
<VARIANCE> 25
 1.427478e+001 4.557406e+001 9.971871e+001 7.536152e+001 1.578251e+002 5.396049e+001 5.507795e+001 4.603119e+001 5.969229e+001 1.389356e+002 4.312099e+001 4.732228e+001 1.131669e+000 2.605243e+000 2.364897e+000 7.616685e+000 5.056986e+000 7.186610e+000 7.576224e+000 2.774586e+000 6.392540e+000 6.736475e+000 2.664211e+000 1.783662e+000 1.595252e+000
<GCONST> 1.112805e+002
<STATE> 3
<MEAN> 25
 6.809720e+000 2.022081e+000 6.878699e+000 -1.429865e+001 -4.832759e+000 -8.655231e+000 -1.599035e+000 7.814607e+000 -5.447385e+000 -2.097060e+000 -6.032469e+000 -8.687769e+000 2.065032e-001 -3.176236e-001 -4.618075e-001 1.094494e-001 -5.892754e-001 -4.518543e-001 4.871208e-001 1.022319e+000 6.302649e-001 7.360249e-001 6.478441e-001 -4.741973e-001 1.088096e-001
<VARIANCE> 25
 6.295159e+000 1.638227e+001 5.046806e+001 2.240818e+001 6.567930e+001 4.059064e+001 3.573549e+001 1.057561e+002 3.146358e+001 3.201144e+001 3.597715e+001 1.925420e+001 1.083479e-001 4.774988e-001 7.459399e-001 1.400366e+000 9.818229e-001 1.899818e+000 2.086587e+000 2.260580e+000 1.533488e+000 2.408905e+000 1.678429e+000 1.197106e+000 2.458353e-001
<GCONST> 8.705279e+001
<STATE> 4
<MEAN> 25
 1.035910e+001 -2.180059e+000 -4.059918e+000 -1.170175e+001 -2.883523e+000 -1.933761e+000 1.823471e-001 -2.582706e+000 3.280337e+000 2.926665e+000 -1.135098e+000 -5.804595e+000 2.316572e-002 -4.527162e-001 -2.088358e-001 5.845503e-001 -2.829051e-001 6.787589e-002 3.881846e-001 9.247953e-002 2.683986e-001 -3.551770e-001 -1.069079e-001 3.262406e-001 -1.126373e-001
<VARIANCE> 25
 1.703925e+001 2.547707e+001 3.555274e+001 2.350604e+001 1.028471e+002 4.234189e+001 1.179977e+002 8.525639e+001 6.653171e+001 2.959485e+001 3.562374e+001 2.981058e+001 1.718728e-001 5.579783e-001 7.459252e-001 1.179700e+000 1.706333e+000 1.717845e+000 1.777777e+000 1.758870e+000 2.301621e+000 2.726926e+000 2.088547e+000 1.392816e+000 1.214638e-001
<GCONST> 9.143659e+001
<TRANSP> 5
 0.000000e+000 1.000000e+000 0.000000e+000 0.000000e+000 0.000000e+000
 0.000000e+000 5.442478e-001 4.557523e-001 0.000000e+000 0.000000e+000
 0.000000e+000 0.000000e+000 7.570816e-001 2.429183e-001 0.000000e+000
 0.000000e+000 0.000000e+000 0.000000e+000 8.443988e-001 1.556013e-001
 0.000000e+000 0.000000e+000 0.000000e+000 0.000000e+000 0.000000e+000
<ENDHMM>
~h "eh"
<BEGINHMM>
<NUMSTATES> 5
<STATE> 2
<MEAN> 25
 3.202193e+000 -5.564090e+000 -2.640640e+000 -6.303675e+000 -1.790605e+000 -2.530794e+000 4.125028e+000 5.978555e-002 -8.479346e-001 -1.884140e+000 7.148579e-001 -3.317211e-001 7.589615e-001 5.144747e-003 -3.023080e-001 -3.465432e-002 -1.350818e-002 -6.645747e-001 -1.196813e+000 -7.024834e-001 -5.001401e-001 -6.668125e-001 -3.777666e-001 4.016766e-001 2.362994e-001
<VARIANCE> 25
 2.590543e+001 7.883481e+001 5.368724e+001 4.071243e+001 5.874526e+001 5.353910e+001 8.040666e+001 4.964249e+001 6.292896e+001 4.870799e+001 4.729321e+001 2.376057e+001 2.174864e+000 3.646221e+000 2.645178e+000 5.039370e+000 5.931507e+000 3.325816e+000 4.110919e+000 4.331610e+000 3.146173e+000 5.244839e+000 4.601011e+000 2.370651e+000 3.060212e+000
<GCONST> 1.094899e+002
<STATE> 3
<MEAN> 25
 6.998953e+000 -3.544035e+000 -1.183614e+000 -4.357920e+000 -5.506353e+000 -4.895492e+000 8.107789e-001 -1.607580e+000 -4.718743e+000 -3.904008e+000 -3.500082e+000 4.462056e-001 1.394146e-001 4.340989e-001 -9.139501e-002 4.298742e-001 6.104486e-002 2.262662e-001 -3.796608e-001 -4.117806e-001 -2.570414e-001 2.554889e-001 3.079465e-001 -7.121217e-002 -2.495420e-001
<VARIANCE> 25
 2.168600e+001 7.151474e+001 5.405316e+001 3.681154e+001 6.627281e+001 5.480290e+001 7.397043e+001 3.201861e+001 5.335205e+001 4.663052e+001 4.367452e+001 2.665255e+001 1.831381e+000 3.951595e+000 3.138609e+000 2.599095e+000 3.075366e+000 3.316181e+000 3.032693e+000 2.792204e+000 2.498874e+000 3.120186e+000 2.415874e+000 2.699327e+000 2.454209e+000
<GCONST> 1.050989e+002
<STATE> 4
<MEAN> 25
 5.327671e+000 -7.256025e+000 -2.715173e+000 -3.911517e+000 9.600545e-002 -3.149532e+000 -6.487060e-002 -2.401689e+000 -1.385717e+000 -4.123624e+000 1.128510e+000 3.766147e-001 -2.831073e-001 5.720328e-001 2.125309e-001 2.710322e-001 4.131104e-001 1.620992e-001 -3.474603e-001 -1.372190e-001 3.531034e-002 9.391294e-002 3.799497e-001 -1.141417e-001 -3.301196e-001
<VARIANCE> 25
 3.222413e+001 7.688389e+001 3.278354e+001 2.990306e+001 7.599979e+001 5.085936e+001 7.257013e+001 3.351180e+001 4.447390e+001 6.165184e+001 5.902637e+001 2.158311e+001 1.001755e+000 1.601834e+000 1.075164e+000 1.260517e+000 1.751813e+000 1.719541e+000 2.891772e+000 1.633294e+000 2.624454e+000 2.738890e+000 2.381045e+000 1.689741e+000 7.026207e-001
<GCONST> 9.821605e+001
<TRANSP> 5
 0.000000e+000 1.000000e+000 0.000000e+000 0.000000e+000 0.000000e+000
 0.000000e+000 4.864558e-001 5.135442e-001 0.000000e+000 0.000000e+000
 0.000000e+000 0.000000e+000 6.673307e-001 3.326693e-001 0.000000e+000
 0.000000e+000 0.000000e+000 0.000000e+000 6.622618e-001 3.377382e-001
 0.000000e+000 0.000000e+000 0.000000e+000 0.000000e+000 0.000000e+000
<ENDHMM>
~h "hh"
<BEGINHMM>
<NUMSTATES> 5
<STATE> 2
<MEAN> 25
 5.308936e+000 -2.056535e+000 -4.833844e-001 -1.145915e-001 -4.009748e+000 -7.002722e+000 -2.553436e+000 -9.078380e-001 -9.015098e+000 -7.646194e+000 -3.369034e+000 -7.740354e+000 -2.328111e-001 6.778818e-001 2.016530e-001 -1.333406e-001 -2.403120e-001 1.101328e-001 3.041200e-001 4.552666e-001 -1.106596e-001 3.369479e-001 9.911205e-001 1.352324e-001 -5.421004e-001
<VARIANCE> 25
 9.129906e+000 4.697745e+001 2.009491e+001 7.066409e+001 3.046369e+001 5.042278e+001 4.264977e+001 1.134136e+002 2.689693e+001 4.075016e+001 1.129066e+002 1.091827e+002 1.870246e-001 7.417739e-001 7.020105e-001 9.460111e-001 1.819597e+000 1.259211e+000 2.906106e+000 3.312920e+000 1.444752e+000 2.494920e+000 2.124894e+000 3.468678e+000 1.285415e-001
<GCONST> 9.344405e+001
<STATE> 3
<MEAN> 25
 3.131672e+000 2.855364e+000 -4.138280e-001 -2.073931e+000 -4.371871e+000 -7.266215e+000 -4.024722e+000 -4.938533e+000 -7.515169e+000 -3.960089e+000 3.236509e+000 4.387510e+000 -6.485000e-001 9.978001e-002 1.106210e-001 1.547533e-001 5.709555e-001 9.498944e-001 7.680347e-001 3.291532e-001 6.853994e-001 1.038924e+000 2.616419e-001 -1.275089e-002 -4.556512e-001
<VARIANCE> 25
 1.072919e+001 3.518605e+001 9.606914e+000 1.795595e+001 2.252171e+001 3.785671e+001 3.995355e+001 4.691441e+001 3.360320e+001 2.592011e+001 2.763316e+001 5.187467e+001 2.458034e-001 4.958295e-001 6.135526e-001 9.123228e-001 1.093929e+000 1.534677e+000 1.932292e+000 1.249286e+000 1.849598e+000 2.456926e+000 1.653184e+000 1.176865e+000 9.675947e-002
<GCONST> 8.391106e+001
<STATE> 4
<MEAN> 25
 -4.620733e+000 3.513713e+000 1.820375e+000 2.398652e+000 2.389275e+000 2.103596e+000 4.397014e+000 3.233848e+000 3.791131e+000 3.233518e+000 2.868158e+000 3.312402e-001 -4.883656e-002 -1.581965e-002 2.803220e-002 3.787649e-002 3.593139e-002 7.240117e-002 4.146633e-002 6.693999e-002 1.446472e-001 1.036113e-001 -2.435837e-002 -4.095426e-002 -3.460312e-002
<VARIANCE> 25
 4.725665e+000 2.890681e+001 4.707971e+000 1.049484e+001 1.137908e+001 1.548451e+001 1.641704e+001 1.656544e+001 1.811159e+001 1.789081e+001 1.242733e+001 1.744231e+001 1.611678e-001 2.926370e-001 4.569516e-001 6.866663e-001 9.355765e-001 1.138592e+000 1.299946e+000 1.730036e+000 1.566766e+000 1.513088e+000 1.357886e+000 1.140276e+000 7.164775e-002
<GCONST> 7.202586e+001
<TRANSP> 5
 0.000000e+000 1.000000e+000 0.000000e+000 0.000000e+000 0.000000e+000
 0.000000e+000 6.945467e-001 3.054533e-001 0.000000e+000 0.000000e+000
 0.000000e+000 0.000000e+000 8.113549e-001 1.886451e-001 0.000000e+000
 0.000000e+000 0.000000e+000 0.000000e+000 9.681252e-001 3.187483e-002
 0.000000e+000 0.000000e+000 0.000000e+000 0.000000e+000 0.000000e+000
<ENDHMM>
~h "ih"
<BEGINHMM>
<NUMSTATES> 5
<STATE> 2
<MEAN> 25
 -4.245892e-001 6.732641e-001 8.762465e+000 -3.191266e+000 2.592808e+000 -1.399258e+000 -6.350319e+000 -3.421986e+000 -6.587485e-002 5.737952e-002 -1.847806e+000 -8.263239e-001 -3.281077e-001 -3.215401e-001 1.092726e+000 -1.320715e-001 2.806907e-001 -6.684113e-001 -9.449782e-001 3.683621e-001 4.478816e-001 -7.937342e-001 1.562687e-003 -2.256544e-001 2.856519e-001
<VARIANCE> 25
 4.574463e+001 2.242710e+002 1.160443e+002 1.929280e+002 1.225859e+002 7.778049e+001 6.011664e+001 7.281158e+001 5.725368e+001 6.229142e+001 3.910389e+001 4.899190e+001 3.048190e+000 4.378010e+000 6.386207e+000 1.062762e+001 5.647763e+000 5.290101e+000 5.366106e+000 6.011140e+000 5.605706e+000 5.292469e+000 4.240387e+000 4.067289e+000 3.428277e+000
<GCONST> 1.196325e+002
<STATE> 3
<MEAN> 25
 6.299191e-001 3.899448e+000 1.369077e+001 -5.597629e+000 -2.342668e+000 -3.640981e+000 -8.096716e+000 -5.432514e+000 9.442995e-001 -3.527587e+000 -3.590432e+000 -2.964145e+000 6.759965e-002 6.571587e-002 1.381678e-001 5.819017e-001 -1.041925e-001 -1.463176e-001 -1.271293e-001 4.037932e-001 2.588810e-002 -3.485593e-001 -1.522083e-001 -1.952992e-002 -2.742677e-001
<VARIANCE> 25
 2.191146e+001 1.306873e+002 7.478779e+001 2.250745e+002 9.144172e+001 5.623936e+001 5.749308e+001 7.421776e+001 5.898643e+001 4.510408e+001 3.028693e+001 4.408823e+001 9.481291e-001 1.398651e+000 2.574810e+000 3.331217e+000 2.571965e+000 1.846765e+000 2.688393e+000 3.209666e+000 2.599231e+000 2.906744e+000 1.678446e+000 2.029878e+000 6.815825e-001
<GCONST> 1.046343e+002
<STATE> 4
<MEAN> 25
 -1.864001e+000 1.560528e+000 8.950891e+000 6.925407e+000 6.834546e-001 -7.150812e+000 -6.069860e+000 3.559534e+000 4.235440e+000 -5.833985e+000 -2.770854e+000 -1.151248e+000 -2.262745e-002 4.670026e-001 -4.774131e-001 -2.518276e-001 -8.403926e-002 1.446734e-001 2.201411e-001 -1.067324e-001 6.922179e-002 3.525881e-001 1.948946e-001 2.374709e-001 -3.689755e-001
<VARIANCE> 25
 9.539163e+000 1.741976e+002 8.930642e+001 1.225278e+002 5.553271e+001 7.046423e+001 6.419164e+001 6.030453e+001 4.053725e+001 6.065149e+001 3.254060e+001 4.452495e+001 2.781602e-001 1.324895e+000 2.252387e+000 2.471584e+000 1.889553e+000 3.011966e+000 3.052523e+000 2.770623e+000 2.751428e+000 3.153060e+000 2.282831e+000 2.064803e+000 3.742753e-001
<GCONST> 1.016030e+002
<TRANSP> 5
 0.000000e+000 1.000000e+000 0.000000e+000 0.000000e+000 0.000000e+000
 0.000000e+000 7.424352e-001 2.575648e-001 0.000000e+000 0.000000e+000
 0.000000e+000 0.000000e+000 6.931238e-001 3.068762e-001 0.000000e+000
 0.000000e+000 0.000000e+000 0.000000e+000 8.713949e-001 1.286050e-001
 0.000000e+000 0.000000e+000 0.000000e+000 0.000000e+000 0.000000e+000
<ENDHMM>
~h "ng"
<BEGINHMM>
<NUMSTATES> 5
<STATE> 2
<MEAN> 25
 6.583909e-001 -3.526047e+000 4.660718e+000 -5.280178e+000 -1.371042e+000 4.723885e+000 3.671801e+000 -1.964927e+000 -6.006422e+000 -4.123625e-001 1.008987e+000 -9.945598e-001 -1.014266e-001 9.134569e-001 1.642656e-002 4.637850e-001 1.600101e-001 8.265736e-002 -1.040723e-001 -7.065540e-002 5.683537e-001 3.056014e-001 -1.105592e-001 1.701847e-001 -7.739722e-001
<VARIANCE> 25
 3.949237e+001 1.083960e+002 1.112811e+002 5.799834e+001 8.525936e+001 1.265313e+002 6.441489e+001 5.805513e+001 7.840545e+001 5.853025e+001 6.663652e+001 1.018934e+002 7.376963e-001 1.856058e+000 1.904249e+000 2.973548e+000 4.312223e+000 3.041672e+000 5.280495e+000 3.921086e+000 4.981810e+000 4.746209e+000 4.133152e+000 3.924142e+000 6.721149e-001
<GCONST> 1.110532e+002
<STATE> 3
<MEAN> 25
 3.511739e+000 4.904596e-001 -2.736683e-001 1.661484e+000 6.343506e+000 -3.514885e+000 -1.314175e+000 -3.047719e+000 2.543391e+000 -7.762823e-001 3.562449e+000 -5.193752e+000 -2.228881e-001 7.641580e-001 1.751594e-001 4.693362e-001 7.182407e-002 7.477220e-001 -9.931101e-002 6.692842e-001 2.570640e-001 6.003440e-002 -5.029959e-001 -4.131979e-004 -8.843069e-001
<VARIANCE> 25
 1.159730e+001 5.706060e+001 2.218900e+001 5.296811e+001 4.996777e+001 3.489495e+001 3.494076e+001 3.239485e+001 4.839020e+001 3.550328e+001 7.824679e+001 3.672773e+001 3.400829e-001 1.644510e+000 8.683892e-001 2.984958e+000 1.707545e+000 1.692243e+000 3.184602e+000 2.097125e+000 1.630400e+000 2.167739e+000 3.423217e+000 2.273339e+000 8.062781e-001
<GCONST> 9.584916e+001
<STATE> 4
<MEAN> 25
 -2.889079e+000 5.510792e+000 -2.968376e-001 1.745415e+000 1.941106e+000 1.203344e+000 2.359473e+000 2.012811e+000 3.522408e+000 2.573776e+000 1.250434e+000 1.675943e+000 -1.100564e-001 1.164035e-003 3.208023e-002 1.461496e-002 -1.413064e-002 -3.022865e-002 -6.178829e-002 7.801167e-003 7.399387e-002 1.200634e-001 9.175484e-002 8.251189e-002 -7.322273e-002
<VARIANCE> 25
 1.111311e+001 6.804985e+001 2.099086e+001 2.416201e+001 1.681456e+001 1.672700e+001 2.684948e+001 2.046432e+001 2.334492e+001 2.641821e+001 1.623485e+001 2.263198e+001 1.403768e-001 3.880368e-001 5.842013e-001 7.879511e-001 1.031118e+000 1.290525e+000 1.434314e+000 1.292776e+000 1.493891e+000 1.380376e+000 1.380569e+000 1.229974e+000 1.108601e-001
<GCONST> 7.935432e+001
<TRANSP> 5
 0.000000e+000 1.000000e+000 0.000000e+000 0.000000e+000 0.000000e+000
 0.000000e+000 7.287629e-001 2.712371e-001 0.000000e+000 0.000000e+000
 0.000000e+000 0.000000e+000 8.146170e-001 1.853830e-001 0.000000e+000
 0.000000e+000 0.000000e+000 0.000000e+000 9.455962e-001 5.440383e-002
 0.000000e+000 0.000000e+000 0.000000e+000 0.000000e+000 0.000000e+000
<ENDHMM>
~h "oh"
<BEGINHMM>
<NUMSTATES> 5
<STATE> 2
<MEAN> 25
 4.492237e-008 5.845701e-009 -1.328185e-007 -1.974899e-008 8.013701e-008 5.326083e-008 -2.952693e-008 -7.096470e-008 9.339078e-009 -1.337489e-007 6.334598e-008 -5.331350e-008 -9.746575e-004 8.824667e-003 5.857049e-003 -6.106692e-003 1.834674e-003 2.140600e-003 6.438790e-003 2.552634e-004 2.233275e-003 1.652292e-004 -2.947775e-004 1.625022e-004 1.768339e-002
<VARIANCE> 25
 5.093745e+001 1.386368e+002 7.180528e+001 8.644808e+001 6.100111e+001 5.655713e+001 7.255057e+001 5.467440e+001 5.467830e+001 5.295312e+001 4.155158e+001 3.905978e+001 1.136743e+000 2.774379e+000 2.153254e+000 3.157753e+000 2.791123e+000 2.802559e+000 3.391059e+000 2.977390e+000 2.833076e+000 2.917275e+000 2.609103e+000 2.223614e+000 1.691524e+000
<GCONST> 1.071680e+002
<STATE> 3
<MEAN> 25
 4.492237e-008 5.845701e-009 -1.328185e-007 -1.974899e-008 8.013701e-008 5.326083e-008 -2.952693e-008 -7.096470e-008 9.339078e-009 -1.337489e-007 6.334598e-008 -5.331350e-008 -9.746575e-004 8.824667e-003 5.857049e-003 -6.106692e-003 1.834674e-003 2.140600e-003 6.438790e-003 2.552634e-004 2.233275e-003 1.652292e-004 -2.947775e-004 1.625022e-004 1.768339e-002
<VARIANCE> 25
 5.093745e+001 1.386368e+002 7.180528e+001 8.644808e+001 6.100111e+001 5.655713e+001 7.255057e+001 5.467440e+001 5.467830e+001 5.295312e+001 4.155158e+001 3.905978e+001 1.136743e+000 2.774379e+000 2.153254e+000 3.157753e+000 2.791123e+000 2.802559e+000 3.391059e+000 2.977390e+000 2.833076e+000 2.917275e+000 2.609103e+000 2.223614e+000 1.691524e+000
<GCONST> 1.071680e+002
<STATE> 4
<MEAN> 25
 4.492237e-008 5.845701e-009 -1.328185e-007 -1.974899e-008 8.013701e-008 5.326083e-008 -2.952693e-008 -7.096470e-008 9.339078e-009 -1.337489e-007 6.334598e-008 -5.331350e-008 -9.746575e-004 8.824667e-003 5.857049e-003 -6.106692e-003 1.834674e-003 2.140600e-003 6.438790e-003 2.552634e-004 2.233275e-003 1.652292e-004 -2.947775e-004 1.625022e-004 1.768339e-002
<VARIANCE> 25
 5.093745e+001 1.386368e+002 7.180528e+001 8.644808e+001 6.100111e+001 5.655713e+001 7.255057e+001 5.467440e+001 5.467830e+001 5.295312e+001 4.155158e+001 3.905978e+001 1.136743e+000 2.774379e+000 2.153254e+000 3.157753e+000 2.791123e+000 2.802559e+000 3.391059e+000 2.977390e+000 2.833076e+000 2.917275e+000 2.609103e+000 2.223614e+000 1.691524e+000
<GCONST> 1.071680e+002
<TRANSP> 5
 0.000000e+000 1.000000e+000 0.000000e+000 0.000000e+000 0.000000e+000
 0.000000e+000 6.000000e-001 4.000000e-001 0.000000e+000 0.000000e+000
 0.000000e+000 0.000000e+000 6.000000e-001 4.000000e-001 0.000000e+000
 0.000000e+000 0.000000e+000 0.000000e+000 7.000000e-001 3.000000e-001
 0.000000e+000 0.000000e+000 0.000000e+000 0.000000e+000 0.000000e+000
<ENDHMM>
~h "sp"
<BEGINHMM>
<NUMSTATES> 3
<STATE> 2
~s "silst"
<TRANSP> 3
 0.000000e+000 2.450993e-001 7.549008e-001
 0.000000e+000 8.616781e-001 1.383219e-001
 0.000000e+000 0.000000e+000 0.000000e+000
<ENDHMM>
~h "uw"
<BEGINHMM>
<NUMSTATES> 5
<STATE> 2
<MEAN> 25
 -5.476884e+000 -1.280045e+001 9.192966e+000 -6.500405e+000 4.598256e+000 2.051997e+000 -3.335272e+000 -3.867416e+000 -1.719233e+000 1.117083e+000 1.907648e+000 2.695806e+000 7.261371e-001 -1.607632e+000 2.118608e-001 -4.723059e-001 -1.156174e-001 -7.989839e-002 -6.061496e-001 -2.972710e-001 -5.307032e-001 -2.410656e-001 -1.122566e-001 -3.773928e-001 1.368129e+000
<VARIANCE> 25
 8.358830e+001 2.612493e+002 1.611503e+002 1.151771e+002 9.145740e+001 1.158562e+002 7.544528e+001 5.658793e+001 8.174518e+001 6.011164e+001 4.660305e+001 6.534789e+001 7.309155e+000 1.726401e+001 1.048939e+001 1.067567e+001 1.096079e+001 8.634936e+000 8.100762e+000 6.695593e+000 7.959513e+000 7.052507e+000 4.982933e+000 6.528391e+000 5.994085e+000
<GCONST> 1.273161e+002
<STATE> 3
<MEAN> 25
 7.070873e+000 -8.801812e+000 -3.709065e+000 -1.813450e+000 -1.204474e+000 -6.362409e-001 -4.061808e+000 -1.497428e+000 -2.849745e+000 9.620709e-002 -3.683550e-001 -4.593966e+000 2.001945e-001 5.563504e-001 -4.578418e-001 2.068528e-001 -1.585990e-002 4.718031e-002 1.019249e-001 -7.747725e-002 6.937460e-002 -4.818250e-003 -2.143688e-001 -2.663046e-001 -3.561027e-001
<VARIANCE> 25
 1.966964e+001 1.931571e+002 1.016218e+002 8.124342e+001 9.303653e+001 1.045009e+002 1.060942e+002 1.044763e+002 7.160936e+001 6.420136e+001 7.723753e+001 7.032330e+001 1.902357e+000 4.473314e+000 5.075685e+000 7.807137e+000 6.874351e+000 8.853038e+000 7.613657e+000 8.387449e+000 6.986626e+000 6.325132e+000 7.262359e+000 5.303761e+000 3.581577e+000
<GCONST> 1.215383e+002
<STATE> 4
<MEAN> 25
 4.441474e+000 1.983958e+000 -6.502887e+000 -5.438679e+000 1.511723e+000 -1.349220e+000 6.286473e-001 -2.718224e+000 -2.314090e+000 5.329822e-001 2.471615e-001 -1.965834e+000 -1.080002e-001 1.149797e+000 1.371575e-001 -2.137241e-001 -4.184893e-001 1.835292e-001 8.342574e-002 1.968718e-001 -1.026580e-002 -3.441344e-002 7.849630e-002 2.624573e-001 -7.784864e-001
<VARIANCE> 25
 2.364303e+001 9.430122e+001 9.782580e+001 1.248308e+002 1.125508e+002 7.215176e+001 9.445863e+001 4.866382e+001 5.962046e+001 4.344265e+001 4.764946e+001 4.827179e+001 6.047053e-001 1.927836e+000 2.139693e+000 3.347028e+000 4.346343e+000 3.288898e+000 4.121409e+000 3.598495e+000 3.995418e+000 3.347917e+000 3.215003e+000 3.187260e+000 6.595517e-001
<GCONST> 1.080851e+002
<TRANSP> 5
 0.000000e+000 1.000000e+000 0.000000e+000 0.000000e+000 0.000000e+000
 0.000000e+000 7.558135e-001 2.441865e-001 0.000000e+000 0.000000e+000
 0.000000e+000 0.000000e+000 8.473541e-001 1.526460e-001 0.000000e+000
 0.000000e+000 0.000000e+000 0.000000e+000 8.421905e-001 1.578095e-001
 0.000000e+000 0.000000e+000 0.000000e+000 0.000000e+000 0.000000e+000
<ENDHMM>
~h "sil"
<BEGINHMM>
<NUMSTATES> 5
<STATE> 2
<MEAN> 25
 -2.746375e+000 2.448015e+000 -3.142600e+000 2.814746e+000 -1.435277e+000 1.664889e+000 -2.377773e+000 1.793905e+000 1.227002e+000 7.590227e-001 3.169549e-001 1.956706e+000 7.831933e-002 -1.041761e-002 -8.464234e-002 -3.758293e-001 -1.483827e-001 -1.124792e-002 -1.927611e-001 -1.515876e-001 -1.843654e-001 -1.176932e-001 -6.906940e-002 1.386161e-001 8.303316e-001
<VARIANCE> 25
 6.898559e+001 6.872696e+001 3.922147e+001 5.234522e+001 4.870044e+001 4.121126e+001 4.922548e+001 5.874812e+001 5.127050e+001 4.665886e+001 3.268515e+001 2.415237e+001 2.653705e+000 2.385422e+000 1.884190e+000 2.212178e+000 2.328224e+000 2.929731e+000 3.503502e+000 2.947463e+000 2.521898e+000 2.693803e+000 2.544204e+000 2.028543e+000 5.949280e+000
<GCONST> 1.049313e+002
<STATE> 3
~s "silst"
<STATE> 4
<MEAN> 25
 -5.454098e+000 3.867962e+000 -2.068298e+000 2.550084e+000 -6.579697e-001 3.230014e+000 1.364677e+000 2.600116e+000 1.898218e+000 3.380018e+000 1.428501e+000 1.813752e+000 -2.294005e-002 -5.526892e-003 9.396877e-003 1.431746e-002 1.963270e-002 2.361767e-002 4.716312e-002 2.945703e-002 4.087382e-002 4.750148e-002 2.655352e-002 -7.493959e-004 8.631368e-003
<VARIANCE> 25
 1.335153e+001 3.764556e+001 2.504142e+001 2.423470e+001 2.444024e+001 1.771264e+001 2.480027e+001 2.378156e+001 2.754920e+001 2.235340e+001 1.516987e+001 1.673318e+001 1.173625e-001 2.523294e-001 4.508695e-001 6.256795e-001 7.949889e-001 9.615766e-001 1.087768e+000 1.175493e+000 1.302047e+000 1.271304e+000 1.142393e+000 1.043037e+000 6.927268e-002
<GCONST> 7.618676e+001
<TRANSP> 5
 0.000000e+000 1.000000e+000 0.000000e+000 0.000000e+000 0.000000e+000
 0.000000e+000 7.078113e-001 3.897087e-002 2.532178e-001 0.000000e+000
 0.000000e+000 0.000000e+000 9.757983e-001 2.420169e-002 0.000000e+000
 0.000000e+000 2.269008e-002 0.000000e+000 9.603208e-001 1.698916e-002
 0.000000e+000 0.000000e+000 0.000000e+000 0.000000e+000 0.000000e+000
<ENDHMM>
