   1         "t+ih"    8   24.841820  18.096729  19.294163
   2      "ao-r+eh"   53  415.408264 270.137451 136.913361
   3         "t+uw"    8   37.598354  16.105404  10.328583
   4         "t-ih"    1    1.536911   7.255159   2.005709
   5       "d-eh+l"    4    4.995594   5.833532   9.171426
   6         "t-uw"    7   11.504493  86.133881  72.700546
   7           "sp"  556  2510.318359
   8      "uw-aa+t"    2    8.880130  14.229868  17.103411
   9       "m-b+aa"    1    1.000041   0.999984   1.000026
  10       "m-b+ih"   30  119.331734 147.848923 141.288116
  11       "g-aa+s"    1    1.202201   6.240694   2.539588
  12         "l+ih"    8   63.040310  15.447123 101.163490
  13      "ih-b+uw"    2    2.013052   2.011024   2.013144
  14      "aa-t+aa"    1    4.066909   1.005143   1.602069
  15      "aa-t+uw"    7   83.510712  15.594193  10.145523
  16         "l-ih"    1    7.768836   8.728337   0.999926
  17         "l-oh"    2   71.301033   2.000036   5.187304
  18        "aa-hh"    3   19.610542   7.411449 204.941452
  19        "aa-ih"    2   14.928938   5.145835   3.215095
  20        "aa-ng"   23   52.465660  77.478905 452.194275
  21        "aa-uw"    8   16.172293  19.576550  96.224060
  22      "ih-s+aa"    4   30.819208  10.582997   8.944463
  23      "r-uw+ng"    1    1.119739   1.698571  12.828583
  24     "ih-ng+ih"    3   10.017785   8.950852  51.630562
  25         "d+aa"   10   28.789600  19.205486  23.600166
  26         "d+eh"    4   10.689651   5.412834   5.484568
  27         "d+ih"   54  264.289246 250.775940 121.990952
  28         "d+uw"   10   33.770336  16.541542  10.122411
  29      "aa-l+aa"   23   74.074814  95.907883  98.864792
  30       "k-aa+l"    1    5.971639   9.315629   1.965407
  31       "k-aa+n"   13   69.346901  91.461739  53.674522
  32       "g-ao+r"   44  104.957703 169.240997 380.146027
  33      "aa-l+ih"    1    1.056700   1.172285   1.006480
  34      "aa-l+oh"    2    2.020808   2.038325   3.018193
  35         "d-ih"    1    1.003734  16.392590  29.539261
  36       "n-uw+g"    1    1.038403  12.342975   1.312609
  37       "m-aa+k"   12   76.974800  54.521629  55.211590
  38       "m-aa+l"   23  168.883789 167.803055 186.668579
  39      "ih-aa+m"   23   54.495869 103.905670  68.326141
  40      "ih-aa+n"   25   66.161476 107.494438 111.049751
  41       "p-uw+l"    9   56.593746  45.069935  42.111748
  42       "p-uw+r"    2    3.935733   2.073244   9.250024
  43      "j-uw+hh"    7   16.343861  17.890522  34.383350
  44      "uw-l+aa"    2    9.861298   4.104498   2.002203
  45      "uw-l+uw"    8   44.902218  27.747654  13.837559
  46         "m+aa"   42   92.213196 108.957748 929.259766
  47         "m+eh"    1    1.007818   1.005941  63.946430
  48      "ih-c+aa"    2    1.999847   3.982582   3.016131
  49         "m+ih"   30  188.670654 135.007782 527.248047
  50       "p-eh+r"    1    3.997683   1.052727   1.129928
  51       "p-eh+s"   59  227.869568 143.221344 266.821747
  52         "m-aa"    8   34.659584  61.723118  45.968540
  53         "m-ih"   30  171.781113 240.859375 421.371490
  54      "r-eh+ng"   44   51.264393 128.336014 202.036865
  55       "s-ih+y"   20   87.311310 134.963440  46.930134
  56       "t-uw+j"    7   10.100705  14.192677  40.318069
  57       "t-uw+k"   45   65.437027 140.153900 220.433792
  58       "t-uw+n"    1    1.087711   9.165395   4.457114
  59      "eh-n+aa"    8   35.528904  38.571072  63.979538
  60       "s-aa+m"    2    4.264615  14.801038   2.341898
  61       "s-aa+n"   59  125.981216 524.272705 323.487274
  62       "s-aa+r"    1    2.263398   5.373829  14.590502
  63       "s-aa+t"    7   14.572143  53.777828  34.918812
  64       "s-aa+y"   15   32.420742  44.477707 106.796066
  65      "y-aa+ng"   22   52.755669 105.690254  87.616776
  66       "r-g+ih"    1    9.901508   1.010198   1.114034
  67      "ih-l+aa"    5   27.204617   7.776201  31.989307
  68       "w-aa+r"    1    1.000013   7.676186   1.070277
  69       "s-ao+r"    9   27.200468  55.194973  60.227722
  70         "n+aa"   20  102.297768  58.874451 315.658844
  71       "y-aa+m"   33   71.548027 125.531609 113.649376
  72       "y-aa+r"    1    1.001371   4.147786   1.024871
  73         "n+uw"    1    1.988317   1.000271   0.999907
  74         "n-ih"   32  204.904617 243.146332 235.278915
  75      "d-ih+aa"   48  160.870468  79.694550 152.622620
  76      "aa-n+aa"    3   11.903638  13.999684   2.999925
  77         "w+aa"    1    0.999886   9.325104   2.844975
  78      "ih-m+aa"    9   50.875877  28.348202 102.527992
  79         "w-aa"   10   32.968781  66.691048  56.286961
  80      "uw-n+aa"    1    2.240297   0.999894   0.999891
  81      "m-aa+uw"    8   56.405312  26.324322 114.475494
  82         "uw+n"   45  203.608398 187.380768 244.580734
  83         "uw-k"   45  208.740646 168.365280 1196.202148
  84         "uw-p"   18   81.997208  92.977798 399.040436
  85         "uw-r"    2    2.675421   2.002420   3.138439
  86          "o-k"    4   16.204782  26.367996  10.889116
  87        "ih+ng"    3    5.000053   3.931628  13.984914
  88         "eh+m"    6   33.524750  12.424926  37.711815
  89         "eh+n"    8   45.594563  24.854736  84.983543
  90       "uw-n+t"   45  144.261078 323.330078 419.437439
  91      "eh-p+aa"    1    0.999916   1.000256   7.002676
  92      "eh-p+uw"    8   13.052122  24.176296 126.200233
  93         "g+ao"   44  232.422241 120.157394 111.444756
  94          "sil"  178  2242.727783 2510.318359 3201.366943
  95      "uw-w+aa"   10  106.354538  75.332733 143.901657
  96         "g-aa"    8   26.329855 122.364014  71.510857
  97       "b-ih+l"   30   84.638489  42.433983  60.132874
  98       "b-ih+s"    4    5.090584   5.126867   7.178336
  99         "g-ih"   17  115.973877 172.926987 191.160172
 100      "l-aa+ng"    1    3.441085   9.586578   0.999977
 101      "ih-n+ih"   32  143.560684 108.318527 348.235962
 102       "b-aa+t"    1    1.062254   1.176411   7.218913
 103       "b-aa+y"    1    4.794205   1.364548   1.955461
 104       "d-ih+b"    2    2.415837   2.624651   3.530079
 105       "d-ih+c"    2    2.105130   2.591450   2.081809
 106       "d-ih+m"    1    1.346716   1.000187   1.122900
 107       "c-eh+p"    1    0.999895   0.999895   0.999897
 108      "aa-g+ih"   16   59.125092  29.818850  47.313812
 109       "d-aa+n"    9   12.962068  70.474304  58.396450
 110       "d-aa+r"    1    1.000145   5.698531   3.684601
 111         "p+aa"   16   44.844177  84.679710 319.926575
 112         "p+eh"   60  174.371902 160.047104 761.077820
 113         "p+uw"    1    6.000000   0.999987   0.999985
 114         "p-aa"    1    1.001275   4.712508   1.103233
 115      "uw-g+aa"    1    9.511266   1.769977   0.999950
 116      "k-aa+hh"    3   12.341836   5.133062  56.023880
 117       "h-aa+l"    2   62.084473   5.859054  25.465176
 118       "h-aa+r"    3   10.000503  36.032730   6.102928
 119        "uw-hh"   15   83.068550  66.309479 429.796844
 120        "uw-ng"    1    1.000800   4.273418  27.067101
 121         "h+aa"    5   59.785645  24.502094 137.370224
 122      "aa-p+aa"    9   40.861710  50.194195 185.644516
 123       "l-ih+m"    8   48.175426  58.432411  36.099941
 124      "b-uw+aa"    2    2.087164   2.020415  13.368067
 125         "y+aa"    3   10.006800  14.040863   5.874500
 126        "s-o+k"    4    9.987777   8.009796  15.441293
 127         "y-aa"   16   45.470776  52.745701 169.822708
 128       "l-k+aa"    1    3.347469   1.703912   1.620128
 129       "l-aa+m"   23   82.934891 128.589569  67.775307
 130       "l-aa+n"    6   21.346666  45.963387  21.514025
 131       "l-aa+p"    4   11.918677  37.080051   9.793605
 132       "m-eh+m"    1    5.301436   1.286561   1.534379
 133       "n-aa+k"    4   23.033487  14.052358  16.602850
 134       "n-aa+m"    4   23.020502  39.413765  35.088501
 135       "n-aa+n"    4   23.998219   4.813186  30.852951
 136       "n-aa+s"   19   92.358482  97.545494  88.860558
 137      "ih-g+aa"    8   65.249199  18.651878  13.999723
 138      "aa-y+aa"   49  347.582092 174.259247 321.704865
 139       "p-aa+g"   16   67.264366 116.581192  90.661858
 140       "p-aa+k"    3   15.997478   4.385499  26.083752
 141       "p-aa+n"    5   24.614141  26.681892  33.906845
 142       "p-aa+t"    7   28.057545  44.987244  22.434311
 143        "eh-ng"   21   90.121460 168.955826 328.370300
 144       "s-uw+p"   18   35.458511  79.275444  72.888107
 145     "eh-ng+aa"   23  177.343262  75.488449 196.696533
 146       "r-aa+p"    1   14.508201   1.034309  16.443438
 147       "t-ih+g"    8   47.956696  49.449654  82.779099
 148       "n-t+aa"   26   73.603745  46.445629  54.970444
 149       "n-t+ih"    1    1.249140   1.697949   1.249341
 150       "n-t+uw"   45  107.141602  78.921761  57.216766
 151       "s-eh+m"    5    6.345445   5.063782   8.750972
 152       "s-eh+p"    8   12.304382  10.246203  29.135540
 153       "m-p+aa"    7   27.395830  64.009537 110.728287
 154       "m-p+uw"    2   18.209608  49.791801  30.855474
 155       "t-aa+l"    1    4.000251   1.249702   9.940978
 156       "t-aa+r"   26   44.541393 145.175827 117.124397
 157      "p-aa+ih"    1    3.999127  10.228861   1.037819
 158         "r-eh"    9   16.209278  14.334837  25.770533
 159         "r-ih"    4    8.581480  31.628046  59.773220
 160      "ng-ih+n"    3   52.177670   6.790788  29.440670
 161      "ih-y+aa"   20   41.575348  63.335232  54.505035
 162      "eh-s+aa"   59  526.581665 275.417877 117.852089
 163      "ng-aa+n"   23   82.327477 147.248260  80.299156
 164       "eh-m+b"    6   11.859567  28.583771   7.541615
 165       "eh-m+p"    6   36.014057  34.197601  74.456947
 166      "aa-r+aa"    1    9.483505   1.000194  10.293980
 167      "aa-r+ih"    4    7.058676  10.694554  13.369970
 168      "aa-r+uw"    1    1.237673   1.009459   4.829981
 169       "eh-r+g"    1    2.388166   1.000122   1.395117
 170       "eh-s+o"    4   52.379570  23.869505  51.587120
 171         "b+aa"    1    0.999913   0.999913   0.999913
 172         "b+eh"    4   10.683431   8.972873  32.896439
 173         "b+ih"    4   13.858937  17.404648   7.856545
 174         "b+uw"    1    1.436494   1.004574   1.000480
 175         "s+aa"   25  153.969131  74.774933  66.663582
 176         "s+ao"    9   97.441513  15.782440  24.899511
 177         "s+eh"   13   81.983124  26.286074  43.515675
 178         "s+ih"   20  160.969666 100.690063  95.496910
 179         "s+uw"   18  181.687576  88.359177  41.385242
 180         "s-aa"    4    7.472328   7.680723  72.126411
 181         "s-ih"   19   59.736828 117.346062 262.358887
 182       "aa-l+k"    1    1.003512   1.001096   0.999954
 183       "aa-m+b"   25  107.030869 126.129547 176.737015
 184       "aa-m+p"    3    8.924229  11.964167  36.996059
 185       "aa-n+t"   27  101.408745 104.492012 225.599380
 186      "uw-j+uw"    7   37.252964  26.779333  56.548355
 187      "n-aa+ih"    1    4.024622   1.001016   1.002869
 188         "ih+n"   32  379.437500 176.025253 121.403389
 189         "ih-l"   25   78.273239 166.589554 370.920746
 190         "ih-n"    3   17.379328  21.687458   4.723309
 191         "k+aa"    1    0.999921   1.001436  13.988516
 192      "aa-s+ih"   19  140.876190  69.370697  62.659237
 193         "aa+m"    1   12.648650   4.603026   1.069148
 194         "aa+n"    1    5.005628   6.762709   1.015324
 195         "aa+p"    4   20.794424  21.835386  69.372345
 196         "aa+y"   33  178.731232 191.737610 102.861336
 197         "aa-k"    4   35.696796  15.145903  25.126408
 198         "aa-m"   60  298.932709 486.496643 1233.106079
 199         "aa-n"  115  669.350647 848.578674 2270.318848
 200         "aa-r"   27  102.701622  46.765778 208.136078
 201         "aa-s"    1   11.673510   1.000114  13.225657
 202         "aa-t"    9   36.185795  17.064157  33.080708
 203       "b-uw+l"    1    1.043656   1.504538   4.755368
 204      "eh-l+aa"    4    7.905397   8.652205   5.441903
 205      "l-uw+hh"    8   25.667852  45.354446  83.255730
 206       "d-uw+w"   10   12.060667  16.117678  20.319614
 207         "c+eh"    1    3.256858   0.999901   4.995742
 208      "aa-k+aa"   15   67.992851  32.183144 100.780411
 209       "b-eh+s"    4   18.081856  59.974037  16.163729
 210       "c-aa+m"    2    7.077803  18.485840   9.417726
