~o
<STREAMINFO> 1 25
<VECSIZE> 25<NULLD><MFCC_D_N_Z_0><DIAGC>
~h "b"
<BEGINHMM>
<NUMSTATES> 5
<STATE> 2
<MEAN> 25
 1.738123e+000 3.735656e+000 1.270096e+001 -5.484750e+000 -9.457513e+000 -5.344417e+000 -2.827233e+000 -7.458078e+000 -4.853654e+000 5.186514e+000 -2.047177e+000 1.377743e+000 -9.017556e-001 -5.062203e-001 1.332032e+000 -2.129127e+000 -1.708194e+000 -7.634039e-001 6.325514e-001 -5.599902e-001 -4.233038e-001 1.591500e+000 2.773272e-001 5.403559e-001 1.308229e+000
<VARIANCE> 25
 2.776969e+001 1.317168e+001 6.818324e+001 1.060738e+002 3.862021e+001 2.778484e+001 3.851997e+001 4.525062e+001 4.024073e+001 6.220929e+001 2.804503e+001 3.860673e+001 2.094988e+000 1.855073e+000 8.985989e+000 9.591866e+000 3.248422e+000 3.451858e+000 3.950449e+000 7.774974e+000 4.575595e+000 4.981488e+000 3.624110e+000 3.363840e+000 6.845320e-001
<GCONST> 1.068936e+002
<STATE> 3
<MEAN> 25
 1.821476e+000 4.697044e-001 7.719540e+000 -6.918276e+000 -1.330185e+001 -9.742322e+000 -7.248912e-001 -3.134269e+000 -2.392111e+000 4.095875e+000 1.269501e-002 4.475879e-001 5.945981e-001 -4.891317e-001 -2.163069e+000 4.646060e-001 1.423925e+000 -3.711299e-001 -3.097066e-001 8.584968e-001 1.420406e+000 -1.549478e+000 -3.854222e-001 -1.022497e-001 -1.582841e-001
<VARIANCE> 25
 2.372452e+001 1.810508e+001 5.378736e+001 2.611781e+001 5.079682e+001 4.389239e+001 4.756688e+001 3.906054e+001 4.629858e+001 4.173120e+001 3.452765e+001 4.314866e+001 6.681058e-001 1.415696e+000 2.716589e+000 2.468627e+000 5.179931e+000 2.752152e+000 3.867395e+000 4.279108e+000 3.942937e+000 4.549086e+000 2.968172e+000 3.088205e+000 5.248973e-001
<GCONST> 1.011356e+002
<STATE> 4
<MEAN> 25
 6.785250e+000 1.004184e+000 -2.994076e+000 -3.493135e+000 -2.628376e+000 -7.330433e+000 -5.903742e+000 -2.656829e+000 3.206465e+000 -3.906191e+000 -2.981827e+000 -1.915549e-001 1.274120e-001 3.176419e-001 -8.091145e-001 -1.145091e-001 1.156249e+000 7.456170e-001 -6.002141e-001 -6.747338e-001 1.915762e-001 -1.625731e-001 2.206136e-001 -3.186127e-001 -5.139499e-001
<VARIANCE> 25
 2.234523e+001 2.298810e+001 4.298390e+001 3.929530e+001 4.571395e+001 3.363663e+001 4.442621e+001 7.869530e+001 6.111247e+001 6.323686e+001 3.113364e+001 2.723000e+001 6.791121e-001 6.852037e-001 2.100156e+000 1.803214e+000 2.905899e+000 1.911377e+000 2.348911e+000 3.302812e+000 2.487724e+000 2.408392e+000 2.564862e+000 1.762869e+000 2.118535e-001
<GCONST> 9.619727e+001
<TRANSP> 5
 0.000000e+000 1.000000e+000 0.000000e+000 0.000000e+000 0.000000e+000
 0.000000e+000 8.206071e-001 1.793929e-001 0.000000e+000 0.000000e+000
 0.000000e+000 0.000000e+000 7.730290e-001 2.269710e-001 0.000000e+000
 0.000000e+000 0.000000e+000 0.000000e+000 7.019572e-001 2.980428e-001
 0.000000e+000 0.000000e+000 0.000000e+000 0.000000e+000 0.000000e+000
<ENDHMM>
~h "c"
<BEGINHMM>
<NUMSTATES> 5
<STATE> 2
<MEAN> 25
 1.292055e-008 1.831648e-008 -6.299361e-008 6.397928e-009 6.513714e-008 4.146926e-008 -2.503356e-008 -3.737221e-008 4.785829e-009 -8.260601e-008 4.838081e-008 -2.966501e-008 7.700191e-003 5.403126e-003 9.986212e-003 -4.435305e-003 5.198286e-003 1.178548e-003 5.735684e-003 -2.200497e-003 -9.225003e-004 -6.409926e-004 -2.520854e-003 -2.406914e-003 2.725629e-002
<VARIANCE> 25
 4.587285e+001 1.030148e+002 6.019880e+001 7.829473e+001 5.465159e+001 4.961901e+001 6.176896e+001 4.825900e+001 4.880714e+001 4.872197e+001 3.755544e+001 3.288158e+001 1.069084e+000 2.243620e+000 1.931021e+000 2.910384e+000 2.554792e+000 2.477852e+000 2.995093e+000 2.747025e+000 2.618064e+000 2.724945e+000 2.375594e+000 2.010036e+000 1.498881e+000
<GCONST> 1.041510e+002
<STATE> 3
<MEAN> 25
 1.292055e-008 1.831648e-008 -6.299361e-008 6.397928e-009 6.513714e-008 4.146926e-008 -2.503356e-008 -3.737221e-008 4.785829e-009 -8.260601e-008 4.838081e-008 -2.966501e-008 7.700191e-003 5.403126e-003 9.986212e-003 -4.435305e-003 5.198286e-003 1.178548e-003 5.735684e-003 -2.200497e-003 -9.225003e-004 -6.409926e-004 -2.520854e-003 -2.406914e-003 2.725629e-002
<VARIANCE> 25
 4.587285e+001 1.030148e+002 6.019880e+001 7.829473e+001 5.465159e+001 4.961901e+001 6.176896e+001 4.825900e+001 4.880714e+001 4.872197e+001 3.755544e+001 3.288158e+001 1.069084e+000 2.243620e+000 1.931021e+000 2.910384e+000 2.554792e+000 2.477852e+000 2.995093e+000 2.747025e+000 2.618064e+000 2.724945e+000 2.375594e+000 2.010036e+000 1.498881e+000
<GCONST> 1.041510e+002
<STATE> 4
<MEAN> 25
 1.292055e-008 1.831648e-008 -6.299361e-008 6.397928e-009 6.513714e-008 4.146926e-008 -2.503356e-008 -3.737221e-008 4.785829e-009 -8.260601e-008 4.838081e-008 -2.966501e-008 7.700191e-003 5.403126e-003 9.986212e-003 -4.435305e-003 5.198286e-003 1.178548e-003 5.735684e-003 -2.200497e-003 -9.225003e-004 -6.409926e-004 -2.520854e-003 -2.406914e-003 2.725629e-002
<VARIANCE> 25
 4.587285e+001 1.030148e+002 6.019880e+001 7.829473e+001 5.465159e+001 4.961901e+001 6.176896e+001 4.825900e+001 4.880714e+001 4.872197e+001 3.755544e+001 3.288158e+001 1.069084e+000 2.243620e+000 1.931021e+000 2.910384e+000 2.554792e+000 2.477852e+000 2.995093e+000 2.747025e+000 2.618064e+000 2.724945e+000 2.375594e+000 2.010036e+000 1.498881e+000
<GCONST> 1.041510e+002
<TRANSP> 5
 0.000000e+000 1.000000e+000 0.000000e+000 0.000000e+000 0.000000e+000
 0.000000e+000 6.000000e-001 4.000000e-001 0.000000e+000 0.000000e+000
 0.000000e+000 0.000000e+000 6.000000e-001 4.000000e-001 0.000000e+000
 0.000000e+000 0.000000e+000 0.000000e+000 7.000000e-001 3.000000e-001
 0.000000e+000 0.000000e+000 0.000000e+000 0.000000e+000 0.000000e+000
<ENDHMM>
~h "d"
<BEGINHMM>
<NUMSTATES> 5
<STATE> 2
<MEAN> 25
 2.501447e+000 3.852812e+000 3.065512e+000 4.210802e+000 -2.600114e+000 -4.511141e-001 -2.294704e+000 -1.498192e+000 -2.425391e+000 -5.766894e-001 -3.176484e-002 -2.001669e+000 3.945021e-001 -4.794572e-001 2.015407e+000 -1.291535e+000 -1.410315e+000 -7.975934e-001 -5.081415e-001 -8.994059e-001 -1.739400e+000 5.308208e-001 -7.418259e-001 -3.959128e-001 2.095327e+000
<VARIANCE> 25
 2.710000e+001 3.162153e+001 3.417241e+001 3.441613e+001 2.966118e+001 2.721601e+001 3.196452e+001 3.080527e+001 2.937837e+001 3.715495e+001 2.667879e+001 2.003641e+001 3.509366e+000 4.091781e+000 4.019022e+000 4.297429e+000 3.300015e+000 3.812257e+000 3.710838e+000 4.569335e+000 4.000305e+000 6.554589e+000 3.695169e+000 2.963626e+000 3.644067e+000
<GCONST> 1.044623e+002
<STATE> 3
<MEAN> 25
 3.559761e-003 1.413323e+000 1.416448e+001 -7.414514e+000 -9.983644e+000 -2.768528e+000 -6.159456e+000 -5.556395e+000 -7.361821e+000 6.390565e+000 -3.098684e+000 1.482948e+000 -3.947712e-001 -8.244658e-001 8.037480e-001 -2.185045e+000 -1.022884e+000 -7.210630e-001 7.831299e-003 -1.093245e-001 2.040480e-001 8.706938e-001 -2.807038e-001 5.196617e-001 1.503982e+000
<VARIANCE> 25
 1.352022e+001 3.278311e+001 6.547865e+001 7.551252e+001 5.161072e+001 3.725883e+001 4.645125e+001 4.885705e+001 6.194749e+001 6.218324e+001 3.802544e+001 4.525990e+001 1.350749e+000 4.412569e+000 6.638040e+000 7.725585e+000 5.566779e+000 4.076794e+000 9.553538e+000 3.963796e+000 5.570806e+000 7.147658e+000 4.725497e+000 4.207625e+000 3.214219e+000
<GCONST> 1.118635e+002
<STATE> 4
<MEAN> 25
 4.620342e-001 -5.036666e+000 8.965528e+000 -1.212431e+001 -8.986095e+000 -5.299214e+000 1.274789e+000 -1.722647e-001 -2.953917e+000 4.227648e+000 -3.188021e+000 -5.230647e-001 2.234314e-001 -9.971069e-001 -1.687969e+000 -5.138086e-001 1.402387e+000 -4.141438e-001 1.589347e+000 8.644980e-001 1.117447e+000 -1.267508e+000 -1.046920e-001 -2.998494e-002 4.217997e-001
<VARIANCE> 25
 1.851054e+001 3.326540e+001 5.426855e+001 5.885039e+001 8.888345e+001 3.361457e+001 1.267850e+002 5.134085e+001 4.334669e+001 8.899332e+001 5.405535e+001 3.535086e+001 4.860368e-001 2.308322e+000 3.135318e+000 2.506953e+000 5.515587e+000 1.718334e+000 6.279990e+000 3.758759e+000 2.726378e+000 7.142542e+000 3.229094e+000 2.091670e+000 8.403814e-001
<GCONST> 1.053277e+002
<TRANSP> 5
 0.000000e+000 1.000000e+000 0.000000e+000 0.000000e+000 0.000000e+000
 0.000000e+000 7.188622e-001 2.811379e-001 0.000000e+000 0.000000e+000
 0.000000e+000 0.000000e+000 7.143227e-001 2.856773e-001 0.000000e+000
 0.000000e+000 0.000000e+000 0.000000e+000 7.405181e-001 2.594818e-001
 0.000000e+000 0.000000e+000 0.000000e+000 0.000000e+000 0.000000e+000
<ENDHMM>
~h "g"
<BEGINHMM>
<NUMSTATES> 5
<STATE> 2
<MEAN> 25
 2.758442e-001 4.572514e+000 7.993357e+000 -8.313824e-001 -1.065048e+000 -3.148774e+000 -4.356861e+000 -2.668501e+000 3.913440e-001 -8.551022e-001 -2.299551e+000 -1.786197e+000 5.250521e-002 -6.200940e-001 1.671270e-001 7.260740e-002 5.526147e-001 -7.500314e-001 -3.043707e-001 -2.846256e-001 -2.918167e-001 1.925207e-001 5.763223e-003 -2.152121e-001 8.298518e-001
<VARIANCE> 25
 5.432951e+001 1.343657e+002 8.269273e+001 1.402108e+002 7.323730e+001 7.447675e+001 7.342860e+001 5.180368e+001 5.828318e+001 6.275478e+001 4.860885e+001 3.672240e+001 4.916999e+000 7.320109e+000 6.274565e+000 1.081719e+001 5.756866e+000 5.561871e+000 6.068023e+000 4.199376e+000 5.572485e+000 6.517075e+000 4.345071e+000 3.602710e+000 6.180487e+000
<GCONST> 1.194102e+002
<STATE> 3
<MEAN> 25
 1.789721e+000 -8.483660e-001 4.311944e+000 6.990499e-001 5.286200e+000 -3.850365e+000 -3.895478e+000 -1.819487e+000 -9.261688e-001 -4.359841e-001 -7.944539e-001 -1.756163e+000 7.178346e-001 3.700382e-001 -3.667255e-001 -9.785460e-001 1.037389e-001 -6.936979e-002 1.005232e-001 -6.481081e-001 -3.741079e-001 -4.698274e-002 -4.349516e-001 -1.246580e-001 6.162328e-001
<VARIANCE> 25
 1.947773e+001 2.921369e+001 1.608773e+002 9.576336e+001 5.951206e+001 5.975343e+001 6.631665e+001 4.284316e+001 4.617586e+001 1.585479e+002 3.685643e+001 4.187794e+001 1.982800e+000 3.201285e+000 4.319767e+000 7.116709e+000 4.653414e+000 3.936883e+000 7.179878e+000 3.780200e+000 4.666093e+000 7.862141e+000 3.564149e+000 2.716943e+000 3.222815e+000
<GCONST> 1.128279e+002
<STATE> 4
<MEAN> 25
 3.924052e+000 3.951514e+000 8.397926e+000 1.404311e+000 2.718337e+000 -3.194665e+000 -6.035295e+000 -2.966877e+000 -2.749743e+000 -4.754425e+000 -2.806927e+000 -3.889352e+000 1.161708e-001 2.332214e-001 -1.874943e-001 -1.891275e-001 -1.929979e-002 1.930894e-001 1.631762e-001 1.289507e-001 -3.403448e-002 1.805438e-001 -1.135509e-001 5.032513e-002 -1.440174e-001
<VARIANCE> 25
 1.730303e+001 4.962559e+001 6.089849e+001 8.104704e+001 5.541972e+001 3.076288e+001 6.572999e+001 4.697626e+001 2.444117e+001 5.329860e+001 2.590753e+001 2.291549e+001 5.727646e-001 1.348379e+000 2.026317e+000 3.067984e+000 2.261541e+000 1.923221e+000 2.743743e+000 2.179212e+000 1.911877e+000 3.946243e+000 1.673259e+000 1.643860e+000 1.063758e+000
<GCONST> 9.816320e+001
<TRANSP> 5
 0.000000e+000 1.000000e+000 0.000000e+000 0.000000e+000 0.000000e+000
 0.000000e+000 8.031718e-001 1.968283e-001 0.000000e+000 0.000000e+000
 0.000000e+000 0.000000e+000 6.972235e-001 3.027764e-001 0.000000e+000
 0.000000e+000 0.000000e+000 0.000000e+000 8.177434e-001 1.822566e-001
 0.000000e+000 0.000000e+000 0.000000e+000 0.000000e+000 0.000000e+000
<ENDHMM>
~h "h"
<BEGINHMM>
<NUMSTATES> 5
<STATE> 2
<MEAN> 25
 -9.162381e-001 1.466094e+000 1.050956e+000 3.922360e+000 2.114715e-001 2.513219e+000 -1.023259e-001 4.820774e-001 1.261992e+000 9.048313e-001 2.661668e+000 -3.018341e-001 -1.910896e-002 4.609984e-002 -5.689351e-003 2.581437e-002 2.867122e-002 -2.075136e-002 -5.204857e-002 1.012690e-001 1.632294e-001 -2.753985e-002 -7.501259e-002 -6.392708e-002 -2.289874e-002
<VARIANCE> 25
 1.027312e+001 5.160851e+000 6.472377e+000 9.390967e+000 9.719503e+000 1.340766e+001 1.478330e+001 1.567835e+001 1.838940e+001 1.480127e+001 1.087516e+001 1.129773e+001 1.371477e-001 2.837763e-001 4.335029e-001 5.314692e-001 7.876108e-001 1.381991e+000 1.302416e+000 1.402541e+000 1.612544e+000 1.513107e+000 1.109146e+000 1.492966e+000 5.125123e-002
<GCONST> 6.915652e+001
<STATE> 3
<MEAN> 25
 -2.676152e+000 -1.870309e+000 2.596988e-001 6.005329e+000 6.627971e+000 -4.225334e-001 -2.109627e-001 5.447506e-001 2.312447e+000 -3.291037e+000 2.012741e+000 1.445779e+000 -9.968197e-002 -1.236580e+000 -4.388539e-001 -4.080042e-002 1.313044e+000 -1.975856e-001 4.053184e-001 -6.253008e-001 -6.189036e-001 -9.832638e-001 -3.520834e-002 7.659347e-001 8.188872e-001
<VARIANCE> 25
 1.621717e+001 1.260706e+001 1.307663e+001 7.213878e+000 1.740175e+001 2.126868e+001 1.879398e+001 4.420559e+001 4.306125e+001 3.923138e+001 1.598532e+001 1.702592e+001 4.344958e-001 1.522097e+000 2.884208e+000 1.167137e+000 2.108158e+000 2.081158e+000 1.805598e+000 3.188775e+000 2.659030e+000 2.468332e+000 2.563788e+000 2.650444e+000 2.360144e-001
<GCONST> 8.787224e+001
<STATE> 4
<MEAN> 25
 8.101007e+000 -3.848387e+000 -2.955651e+000 1.852664e+000 -6.613916e-001 -2.132020e+000 -4.615147e+000 -6.960989e+000 -6.361502e+000 -8.685080e+000 -4.393137e+000 3.696123e+000 3.190578e-001 2.201234e-001 -1.302928e-001 -3.785394e-001 -2.901729e-001 -3.331019e-001 -2.064691e-001 -4.846116e-001 -7.324956e-002 4.541695e-002 -1.140881e-001 -1.019436e-001 1.424757e-001
<VARIANCE> 25
 4.163218e+001 5.409551e+001 4.195532e+001 2.154552e+001 4.047814e+001 2.433697e+001 3.725640e+001 4.987121e+001 3.586033e+001 3.880502e+001 2.692578e+001 1.999148e+001 1.466592e+000 1.251202e+000 1.955019e+000 1.606132e+000 1.468094e+000 1.263017e+000 2.476502e+000 1.993018e+000 1.669134e+000 1.526345e+000 2.347025e+000 1.415157e+000 6.087661e-001
<GCONST> 9.402441e+001
<TRANSP> 5
 0.000000e+000 1.000000e+000 0.000000e+000 0.000000e+000 0.000000e+000
 0.000000e+000 9.518877e-001 4.811228e-002 0.000000e+000 0.000000e+000
 0.000000e+000 0.000000e+000 7.790039e-001 2.209961e-001 0.000000e+000
 0.000000e+000 0.000000e+000 0.000000e+000 9.179136e-001 8.208644e-002
 0.000000e+000 0.000000e+000 0.000000e+000 0.000000e+000 0.000000e+000
<ENDHMM>
~h "j"
<BEGINHMM>
<NUMSTATES> 5
<STATE> 2
<MEAN> 25
 4.597168e+000 2.321381e+000 5.577560e+000 -1.285356e+000 -4.023855e+000 -4.414364e+000 -5.416871e+000 -2.436056e-001 -5.059225e+000 1.776299e+000 -5.846408e+000 -3.648418e+000 -3.776065e-001 1.349358e-001 3.998630e-001 1.185018e+000 3.114658e-002 9.838325e-001 4.099792e-001 4.737029e-001 -4.368100e-002 -1.108840e+000 3.573858e-001 -4.454023e-002 -3.012442e-001
<VARIANCE> 25
 8.672463e+000 3.536743e+000 2.967052e+001 4.215578e+001 3.270609e+001 6.345818e+001 3.713994e+001 2.304681e+001 3.550283e+001 9.010634e+001 2.174941e+001 1.536209e+001 1.176424e+000 5.622708e-001 2.615147e+000 8.086622e-001 5.794795e+000 5.226017e+000 1.882292e+000 2.661398e+000 3.386811e+000 2.620079e+000 1.867018e+000 1.720595e+000 6.580979e-001
<GCONST> 9.306338e+001
<STATE> 3
<MEAN> 25
 -2.665393e+000 5.651064e+000 5.507039e+000 3.173364e+000 -4.382234e+000 2.589088e+000 -5.153247e+000 -2.077656e+000 -3.531291e+000 -1.339557e+000 -1.639896e+000 -3.487084e+000 -1.059236e+000 3.486238e-001 4.786083e-001 -4.723837e-001 -6.024083e-001 -3.595695e-001 2.306196e-001 -3.271325e-001 -1.424833e-001 1.154032e+000 4.180662e-001 3.995282e-001 -1.864691e-002
<VARIANCE> 25
 4.998461e+001 1.132097e+001 8.012435e+001 1.888257e+001 5.894138e+001 6.311451e+001 2.484789e+001 2.835168e+001 3.045551e+001 4.196455e+001 2.789897e+001 2.306312e+001 5.794993e+000 1.344735e+000 1.709493e+000 2.575564e+000 7.200608e+000 7.421775e+000 2.287285e+000 2.641886e+000 4.346931e+000 2.356394e+000 2.935715e+000 1.891943e+000 2.701015e+000
<GCONST> 1.023537e+002
<STATE> 4
<MEAN> 25
 -1.840451e+000 5.221512e+000 6.253595e+000 -2.604548e+000 -5.138221e+000 -9.028996e+000 -7.359633e+000 5.884460e-001 -6.308678e-001 5.270515e+000 2.512784e+000 -3.034709e+000 5.165495e-001 -3.201330e-001 -2.766776e-001 -5.606634e-001 3.850111e-001 -7.480649e-001 -1.281257e-001 8.965236e-002 2.769825e-001 3.180362e-001 -2.347489e-001 1.451952e-001 4.797439e-001
<VARIANCE> 25
 5.678645e+001 6.969471e+001 2.825894e+001 5.795209e+001 7.569659e+001 1.138741e+002 6.095184e+001 3.122009e+001 5.638043e+001 4.725019e+001 4.792389e+001 3.249874e+001 3.432328e+000 5.297894e+000 4.519277e+000 5.499501e+000 8.783243e+000 8.856650e+000 4.457964e+000 5.281249e+000 6.415454e+000 4.515393e+000 4.533374e+000 3.155843e+000 7.044333e+000
<GCONST> 1.150883e+002
<TRANSP> 5
 0.000000e+000 1.000000e+000 0.000000e+000 0.000000e+000 0.000000e+000
 0.000000e+000 8.745095e-001 1.254906e-001 0.000000e+000 0.000000e+000
 0.000000e+000 0.000000e+000 8.536794e-001 1.463206e-001 0.000000e+000
 0.000000e+000 0.000000e+000 0.000000e+000 9.121309e-001 8.786910e-002
 0.000000e+000 0.000000e+000 0.000000e+000 0.000000e+000 0.000000e+000
<ENDHMM>
~h "k"
<BEGINHMM>
<NUMSTATES> 5
<STATE> 2
<MEAN> 25
 3.879863e+000 1.215523e+000 -4.409636e+000 -1.499110e+000 1.541835e+000 1.058873e+000 -4.275312e+000 -1.212667e+000 -7.189530e-001 -7.937429e-001 -1.882860e+000 -2.396139e+000 -6.642240e-001 -2.347247e-001 -2.101707e-001 -3.137476e-001 1.271996e-001 -1.976614e-001 4.412267e-001 3.716932e-001 8.196603e-002 7.235349e-001 2.365002e-001 -1.584325e-001 3.741307e-001
<VARIANCE> 25
 3.040295e+001 3.703632e+001 4.437376e+001 9.187503e+001 3.869653e+001 5.415429e+001 6.156001e+001 3.792397e+001 4.699420e+001 5.146067e+001 4.421329e+001 3.878280e+001 3.432297e+000 3.854855e+000 3.578641e+000 6.060107e+000 3.683806e+000 5.748806e+000 5.496379e+000 4.103805e+000 5.639918e+000 5.502289e+000 3.075521e+000 4.843397e+000 6.295290e+000
<GCONST> 1.117316e+002
<STATE> 3
<MEAN> 25
 1.132262e+000 -1.414029e+000 -3.725859e+000 -4.603124e+000 1.747392e+000 3.704944e-001 4.863685e-001 3.624939e-001 1.526982e+000 2.663110e+000 -8.316027e-001 -1.025240e+000 -1.934543e-001 -3.788199e-001 -3.555070e-003 1.607710e-002 1.414013e-001 1.086269e-001 4.307658e-001 -2.565696e-001 1.500621e-001 5.321822e-001 3.215483e-001 1.418838e-001 2.023574e-001
<VARIANCE> 25
 1.677607e+001 2.827900e+001 2.744362e+001 1.038304e+002 3.690579e+001 3.475358e+001 4.030561e+001 3.567688e+001 2.821511e+001 5.146220e+001 3.126550e+001 3.212075e+001 2.400933e+000 2.272387e+000 3.001724e+000 7.725214e+000 2.934095e+000 3.625735e+000 4.400147e+000 4.027214e+000 3.606700e+000 5.072660e+000 3.815215e+000 3.444677e+000 5.556542e+000
<GCONST> 1.059613e+002
<STATE> 4
<MEAN> 25
 -2.962241e+000 3.429414e-001 -5.237936e-001 3.268525e+000 2.513207e+000 3.374100e+000 2.217017e+000 1.921392e+000 2.755897e+000 2.822342e+000 2.438595e+000 5.808876e-001 -5.006628e-002 2.364601e-002 1.122819e-001 9.529934e-002 -7.122672e-002 -1.144823e-002 3.677883e-002 2.166909e-002 -5.031125e-004 -6.332261e-002 3.657207e-002 4.064305e-002 -3.120583e-002
<VARIANCE> 25
 1.293753e+001 6.971706e+000 1.263998e+001 1.629995e+001 1.726201e+001 1.334628e+001 2.200826e+001 1.755196e+001 1.633867e+001 2.190580e+001 1.777235e+001 1.229622e+001 2.813111e-001 4.691266e-001 7.356260e-001 8.735794e-001 1.025249e+000 1.244036e+000 1.514337e+000 1.491988e+000 1.568792e+000 1.756963e+000 1.537384e+000 1.111811e+000 1.941050e-001
<GCONST> 7.694212e+001
<TRANSP> 5
 0.000000e+000 1.000000e+000 0.000000e+000 0.000000e+000 0.000000e+000
 0.000000e+000 7.022231e-001 2.977769e-001 0.000000e+000 0.000000e+000
 0.000000e+000 0.000000e+000 6.061638e-001 3.938362e-001 0.000000e+000
 0.000000e+000 0.000000e+000 0.000000e+000 9.535937e-001 4.640627e-002
 0.000000e+000 0.000000e+000 0.000000e+000 0.000000e+000 0.000000e+000
<ENDHMM>
~h "l"
<BEGINHMM>
<NUMSTATES> 5
<STATE> 2
<MEAN> 25
 4.757335e+000 -4.152561e+000 -3.777681e+000 -8.467946e+000 9.302748e-001 -6.395600e-001 -1.519951e+000 -2.761736e+000 1.756345e+000 1.645678e-001 -1.130931e+000 -1.492080e+000 -3.780407e-002 1.920516e-001 -1.033164e-001 2.148404e-001 1.333809e-001 8.808596e-002 7.845844e-002 8.500198e-002 1.029308e-001 1.283701e-002 2.595593e-002 8.790941e-002 -2.851698e-001
<VARIANCE> 25
 1.026325e+001 4.187646e+001 3.475483e+001 4.656963e+001 9.143871e+001 7.943068e+001 5.271471e+001 6.098034e+001 4.042513e+001 3.697740e+001 3.830852e+001 1.927839e+001 3.888383e-001 1.516920e+000 1.110379e+000 2.825254e+000 3.564756e+000 2.331230e+000 2.256453e+000 2.316556e+000 1.939361e+000 2.474771e+000 1.771394e+000 1.250028e+000 8.104889e-001
<GCONST> 9.681998e+001
<STATE> 3
<MEAN> 25
 3.445032e+000 -1.318579e+000 -3.857220e+000 -3.509802e+000 2.412097e+000 -6.979296e-001 -1.471491e+000 -3.400861e+000 1.236440e+000 -1.414870e+000 -6.310016e-001 -3.774202e-001 -2.895623e-001 3.310731e-001 4.197069e-001 1.112100e+000 5.440128e-002 2.551051e-001 1.239685e-001 5.759142e-001 9.589277e-003 -1.645991e-002 2.656012e-001 1.269900e-001 -7.019962e-001
<VARIANCE> 25
 1.138748e+001 3.436148e+001 2.774350e+001 5.171640e+001 5.491108e+001 5.082310e+001 3.871585e+001 3.725681e+001 3.146609e+001 2.851191e+001 3.154770e+001 2.164126e+001 6.245512e-001 1.211421e+000 1.268138e+000 2.660569e+000 1.997566e+000 1.992950e+000 2.453786e+000 2.327642e+000 1.850842e+000 2.048226e+000 1.883538e+000 1.626780e+000 7.182577e-001
<GCONST> 9.390128e+001
<STATE> 4
<MEAN> 25
 -9.679586e-001 1.166860e+000 3.993908e-001 4.234340e+000 1.030505e+000 1.795597e+000 9.284480e-001 1.771381e+000 1.913162e+000 1.834010e-001 2.074478e+000 -7.928105e-002 -1.004096e-001 -1.866758e-002 4.181719e-002 6.843418e-002 -1.644960e-002 4.599454e-002 4.807985e-002 1.328364e-001 3.628222e-002 6.430852e-002 2.796363e-002 -2.157474e-002 -4.629935e-002
<VARIANCE> 25
 1.339267e+001 5.358634e+000 1.008606e+001 1.576892e+001 1.514318e+001 1.576346e+001 1.874150e+001 1.697965e+001 1.861263e+001 1.902022e+001 1.588056e+001 1.437973e+001 1.726401e-001 3.043621e-001 5.805160e-001 7.263389e-001 9.984682e-001 1.229229e+000 1.225063e+000 1.544088e+000 1.558054e+000 1.349458e+000 1.163989e+000 1.188910e+000 9.492891e-002
<GCONST> 7.357382e+001
<TRANSP> 5
 0.000000e+000 1.000000e+000 0.000000e+000 0.000000e+000 0.000000e+000
 0.000000e+000 8.073988e-001 1.926013e-001 0.000000e+000 0.000000e+000
 0.000000e+000 0.000000e+000 6.503643e-001 3.496356e-001 0.000000e+000
 0.000000e+000 0.000000e+000 0.000000e+000 9.436480e-001 5.635194e-002
 0.000000e+000 0.000000e+000 0.000000e+000 0.000000e+000 0.000000e+000
<ENDHMM>
~h "m"
<BEGINHMM>
<NUMSTATES> 5
<STATE> 2
<MEAN> 25
 4.687912e+000 -1.185332e+000 -1.411319e+000 1.374873e+000 4.016049e+000 5.347068e-001 -3.393884e+000 -2.992502e+000 -2.159710e+000 -3.076024e+000 -3.235399e+000 -2.365955e+000 2.905331e-002 5.677578e-001 5.225925e-001 7.782850e-001 -1.183249e-001 -4.708181e-001 -4.708634e-001 -3.496644e-001 -1.992463e-001 -6.820086e-002 -1.941244e-001 -2.122108e-001 -3.661238e-001
<VARIANCE> 25
 2.895328e+001 5.940528e+001 3.445654e+001 6.714640e+001 3.995707e+001 5.124642e+001 3.769658e+001 3.840076e+001 3.770594e+001 3.014842e+001 3.587256e+001 2.410678e+001 1.525916e+000 1.919086e+000 2.009183e+000 2.618854e+000 1.852861e+000 3.132290e+000 2.907669e+000 3.891392e+000 2.461678e+000 2.302553e+000 2.849268e+000 1.978040e+000 1.310095e+000
<GCONST> 1.004977e+002
<STATE> 3
<MEAN> 25
 4.605366e+000 1.206360e+000 2.097589e+000 3.555701e+000 2.673085e+000 -4.118349e+000 -4.094444e+000 -3.738714e+000 -2.111349e+000 -3.629063e+000 -2.122829e+000 -4.595835e+000 -8.441162e-002 2.622257e-001 1.718529e-001 4.370273e-001 -1.600666e-001 1.017119e-001 5.535833e-002 1.778742e-001 1.095452e-001 9.280752e-002 -3.917795e-002 1.006148e-002 -3.641392e-001
<VARIANCE> 25
 1.741562e+001 3.073651e+001 2.883990e+001 5.685688e+001 3.685106e+001 6.901698e+001 4.036957e+001 3.532457e+001 3.957000e+001 2.616413e+001 5.380896e+001 3.136563e+001 6.300317e-001 9.065467e-001 1.156244e+000 2.203671e+000 1.172047e+000 1.969128e+000 1.964546e+000 2.049896e+000 2.026472e+000 2.090409e+000 2.158121e+000 1.542499e+000 5.715519e-001
<GCONST> 9.380104e+001
<STATE> 4
<MEAN> 25
 -4.940783e-002 1.518914e+000 8.425741e-001 3.973522e+000 1.330084e+000 1.109662e+000 5.474319e-001 1.405782e+000 1.086397e+000 -1.650686e-001 4.503035e-001 -9.903997e-001 -6.029100e-002 3.649590e-002 7.284028e-002 -2.451950e-002 -1.234108e-001 -1.258200e-002 4.887720e-002 9.257142e-002 6.897922e-002 1.075561e-001 1.494480e-001 4.134879e-002 -2.947309e-002
<VARIANCE> 25
 2.539332e+001 1.012601e+001 1.170467e+001 1.887667e+001 1.994016e+001 1.992909e+001 2.794705e+001 2.449512e+001 2.086194e+001 2.397217e+001 2.736857e+001 1.746157e+001 2.108892e-001 3.788322e-001 4.876161e-001 8.194389e-001 9.810270e-001 1.146390e+000 1.303522e+000 1.451066e+000 1.586872e+000 1.651109e+000 1.366920e+000 1.071289e+000 1.372713e-001
<GCONST> 7.846158e+001
<TRANSP> 5
 0.000000e+000 1.000000e+000 0.000000e+000 0.000000e+000 0.000000e+000
 0.000000e+000 6.457228e-001 3.542772e-001 0.000000e+000 0.000000e+000
 0.000000e+000 0.000000e+000 6.212296e-001 3.787704e-001 0.000000e+000
 0.000000e+000 0.000000e+000 0.000000e+000 9.121740e-001 8.782604e-002
 0.000000e+000 0.000000e+000 0.000000e+000 0.000000e+000 0.000000e+000
<ENDHMM>
~h "n"
<BEGINHMM>
<NUMSTATES> 5
<STATE> 2
<MEAN> 25
 5.578763e+000 1.379052e+000 3.931311e-001 1.618351e+000 -3.912721e-001 -6.428466e+000 -4.453836e+000 -3.507843e+000 -5.312711e+000 -6.793171e+000 -1.685425e+000 1.508985e+000 -3.096146e-001 7.647016e-001 2.287224e-001 8.568342e-001 -2.206927e-002 4.336875e-001 -1.488911e-001 -2.814101e-001 2.224652e-001 5.465490e-001 6.202260e-002 8.509281e-002 -8.624937e-001
<VARIANCE> 25
 1.421323e+001 2.763863e+001 1.196692e+001 3.473764e+001 5.078434e+001 5.791879e+001 2.891686e+001 2.575510e+001 4.033754e+001 2.841806e+001 4.513406e+001 3.215763e+001 3.966469e-001 1.140183e+000 1.142254e+000 2.346953e+000 1.427003e+000 2.289608e+000 2.036238e+000 2.496336e+000 2.157901e+000 2.114662e+000 3.011824e+000 1.579612e+000 7.176709e-001
<GCONST> 9.262306e+001
<STATE> 3
<MEAN> 25
 3.339849e+000 3.233035e+000 1.593784e+000 4.702055e+000 1.207648e+000 -2.411546e+000 -3.750703e+000 -3.148401e+000 -3.041131e+000 -4.251420e+000 -2.211297e+000 4.770281e-001 -4.006159e-001 1.320751e-001 -9.129621e-003 3.736078e-001 5.238410e-002 7.924473e-001 3.914554e-001 4.438227e-001 3.995034e-001 4.336117e-001 3.633955e-001 -1.677102e-001 -5.168257e-001
<VARIANCE> 25
 1.922635e+001 2.255841e+001 1.183832e+001 2.139865e+001 3.562132e+001 3.247218e+001 1.973137e+001 2.469316e+001 2.801333e+001 1.947931e+001 2.645175e+001 2.476970e+001 3.475556e-001 5.431543e-001 7.570323e-001 1.178106e+000 1.287864e+000 1.532681e+000 1.608889e+000 1.656271e+000 2.081983e+000 1.787588e+000 2.174381e+000 1.388393e+000 2.431640e-001
<GCONST> 8.446657e+001
<STATE> 4
<MEAN> 25
 -2.490661e+000 1.735742e+000 8.890242e-001 4.098638e+000 2.233371e+000 2.445195e+000 2.192711e+000 2.224908e+000 2.353181e+000 1.717047e+000 2.550935e+000 3.715872e-001 -5.958419e-002 8.838052e-004 5.023775e-004 1.074505e-002 5.455984e-003 6.989727e-002 6.927976e-002 6.241157e-002 7.050235e-002 1.020046e-001 6.695823e-002 -3.264590e-002 -2.144175e-002
<VARIANCE> 25
 1.509491e+001 6.806268e+000 7.121621e+000 1.031661e+001 1.344746e+001 1.332910e+001 1.953654e+001 1.847411e+001 1.928451e+001 2.034281e+001 1.517988e+001 1.384758e+001 1.621806e-001 3.103030e-001 4.615194e-001 6.952330e-001 9.101946e-001 1.150010e+000 1.184293e+000 1.321499e+000 1.448291e+000 1.462403e+000 1.356094e+000 1.228970e+000 8.370913e-002
<GCONST> 7.242197e+001
<TRANSP> 5
 0.000000e+000 1.000000e+000 0.000000e+000 0.000000e+000 0.000000e+000
 0.000000e+000 6.860404e-001 3.139596e-001 0.000000e+000 0.000000e+000
 0.000000e+000 0.000000e+000 6.707403e-001 3.292597e-001 0.000000e+000
 0.000000e+000 0.000000e+000 0.000000e+000 9.561703e-001 4.382967e-002
 0.000000e+000 0.000000e+000 0.000000e+000 0.000000e+000 0.000000e+000
<ENDHMM>
~h "o"
<BEGINHMM>
<NUMSTATES> 5
<STATE> 2
<MEAN> 25
 1.292055e-008 1.831648e-008 -6.299361e-008 6.397928e-009 6.513714e-008 4.146926e-008 -2.503356e-008 -3.737221e-008 4.785829e-009 -8.260601e-008 4.838081e-008 -2.966501e-008 7.700191e-003 5.403126e-003 9.986212e-003 -4.435305e-003 5.198286e-003 1.178548e-003 5.735684e-003 -2.200497e-003 -9.225003e-004 -6.409926e-004 -2.520854e-003 -2.406914e-003 2.725629e-002
<VARIANCE> 25
 4.587285e+001 1.030148e+002 6.019880e+001 7.829473e+001 5.465159e+001 4.961901e+001 6.176896e+001 4.825900e+001 4.880714e+001 4.872197e+001 3.755544e+001 3.288158e+001 1.069084e+000 2.243620e+000 1.931021e+000 2.910384e+000 2.554792e+000 2.477852e+000 2.995093e+000 2.747025e+000 2.618064e+000 2.724945e+000 2.375594e+000 2.010036e+000 1.498881e+000
<GCONST> 1.041510e+002
<STATE> 3
<MEAN> 25
 1.292055e-008 1.831648e-008 -6.299361e-008 6.397928e-009 6.513714e-008 4.146926e-008 -2.503356e-008 -3.737221e-008 4.785829e-009 -8.260601e-008 4.838081e-008 -2.966501e-008 7.700191e-003 5.403126e-003 9.986212e-003 -4.435305e-003 5.198286e-003 1.178548e-003 5.735684e-003 -2.200497e-003 -9.225003e-004 -6.409926e-004 -2.520854e-003 -2.406914e-003 2.725629e-002
<VARIANCE> 25
 4.587285e+001 1.030148e+002 6.019880e+001 7.829473e+001 5.465159e+001 4.961901e+001 6.176896e+001 4.825900e+001 4.880714e+001 4.872197e+001 3.755544e+001 3.288158e+001 1.069084e+000 2.243620e+000 1.931021e+000 2.910384e+000 2.554792e+000 2.477852e+000 2.995093e+000 2.747025e+000 2.618064e+000 2.724945e+000 2.375594e+000 2.010036e+000 1.498881e+000
<GCONST> 1.041510e+002
<STATE> 4
<MEAN> 25
 1.292055e-008 1.831648e-008 -6.299361e-008 6.397928e-009 6.513714e-008 4.146926e-008 -2.503356e-008 -3.737221e-008 4.785829e-009 -8.260601e-008 4.838081e-008 -2.966501e-008 7.700191e-003 5.403126e-003 9.986212e-003 -4.435305e-003 5.198286e-003 1.178548e-003 5.735684e-003 -2.200497e-003 -9.225003e-004 -6.409926e-004 -2.520854e-003 -2.406914e-003 2.725629e-002
<VARIANCE> 25
 4.587285e+001 1.030148e+002 6.019880e+001 7.829473e+001 5.465159e+001 4.961901e+001 6.176896e+001 4.825900e+001 4.880714e+001 4.872197e+001 3.755544e+001 3.288158e+001 1.069084e+000 2.243620e+000 1.931021e+000 2.910384e+000 2.554792e+000 2.477852e+000 2.995093e+000 2.747025e+000 2.618064e+000 2.724945e+000 2.375594e+000 2.010036e+000 1.498881e+000
<GCONST> 1.041510e+002
<TRANSP> 5
 0.000000e+000 1.000000e+000 0.000000e+000 0.000000e+000 0.000000e+000
 0.000000e+000 6.000000e-001 4.000000e-001 0.000000e+000 0.000000e+000
 0.000000e+000 0.000000e+000 6.000000e-001 4.000000e-001 0.000000e+000
 0.000000e+000 0.000000e+000 0.000000e+000 7.000000e-001 3.000000e-001
 0.000000e+000 0.000000e+000 0.000000e+000 0.000000e+000 0.000000e+000
<ENDHMM>
~h "p"
<BEGINHMM>
<NUMSTATES> 5
<STATE> 2
<MEAN> 25
 -3.059858e+000 2.183081e+000 -4.657053e+000 4.481315e+000 -3.008453e+000 3.823716e+000 -3.130610e+000 2.799789e+000 2.406569e+000 2.145174e+000 3.110893e+000 1.318694e+000 1.836591e+000 -8.918720e-001 5.035317e-001 -1.236617e+000 2.912754e-001 -8.032585e-001 6.578140e-001 -1.580724e-001 -7.224349e-001 8.899732e-002 -2.414168e-002 -5.969447e-001 3.303687e+000
<VARIANCE> 25
 6.816469e+001 2.932956e+001 3.538328e+001 3.153346e+001 2.883778e+001 2.474576e+001 3.806781e+001 3.532453e+001 3.586913e+001 2.352701e+001 2.638565e+001 2.447989e+001 9.481111e+000 3.047752e+000 3.045251e+000 3.471132e+000 3.502187e+000 3.608327e+000 3.073823e+000 4.195733e+000 4.382515e+000 2.782940e+000 2.974723e+000 2.384578e+000 1.594458e+001
<GCONST> 1.055925e+002
<STATE> 3
<MEAN> 25
 7.132247e-001 -2.315968e+000 -2.479285e+000 -1.951990e+000 -3.634779e-001 1.962992e-001 2.174425e+000 7.314298e-001 1.351891e+000 1.683790e+000 1.504727e+000 -1.815878e+000 6.462411e-001 -1.576919e+000 -9.242118e-002 -1.465531e+000 8.620742e-001 -3.276269e-001 1.059843e+000 -4.200923e-001 1.362225e-001 -5.594409e-001 -5.133200e-001 -1.338978e-001 2.803940e+000
<VARIANCE> 25
 2.493839e+001 5.356279e+001 3.132736e+001 6.503278e+001 4.561193e+001 3.548277e+001 3.890714e+001 5.351341e+001 3.666390e+001 2.898403e+001 2.700250e+001 1.727646e+001 4.392249e+000 5.646158e+000 3.093570e+000 7.815960e+000 5.499822e+000 5.415855e+000 4.762512e+000 6.300607e+000 3.344635e+000 5.092510e+000 3.564718e+000 2.482890e+000 9.448518e+000
<GCONST> 1.093610e+002
<STATE> 4
<MEAN> 25
 -2.111539e+000 1.071087e+000 2.079351e-001 2.717913e+000 1.570228e+000 2.516331e+000 2.528909e+000 2.172560e+000 3.239157e+000 1.948532e+000 2.784444e+000 -1.266465e-001 1.138263e-001 -8.897154e-002 -5.427121e-002 -1.776677e-001 -1.206604e-001 -1.374441e-001 -5.295918e-002 -3.094087e-002 -7.478795e-003 8.286554e-003 -4.619276e-002 1.386111e-002 2.810752e-001
<VARIANCE> 25
 1.900858e+001 1.294267e+001 1.059121e+001 2.014457e+001 1.374823e+001 1.551193e+001 1.879978e+001 1.964956e+001 1.595006e+001 1.995146e+001 1.560371e+001 1.391955e+001 7.890449e-001 7.323926e-001 8.511949e-001 1.275660e+000 1.375365e+000 1.404969e+000 1.422137e+000 1.675151e+000 1.506858e+000 1.959283e+000 1.641568e+000 1.223525e+000 8.382027e-001
<GCONST> 8.189757e+001
<TRANSP> 5
 0.000000e+000 1.000000e+000 0.000000e+000 0.000000e+000 0.000000e+000
 0.000000e+000 5.376514e-001 4.623487e-001 0.000000e+000 0.000000e+000
 0.000000e+000 0.000000e+000 5.072265e-001 4.927735e-001 0.000000e+000
 0.000000e+000 0.000000e+000 0.000000e+000 8.703247e-001 1.296753e-001
 0.000000e+000 0.000000e+000 0.000000e+000 0.000000e+000 0.000000e+000
<ENDHMM>
~h "r"
<BEGINHMM>
<NUMSTATES> 5
<STATE> 2
<MEAN> 25
 6.535177e+000 -1.115299e+001 -2.541693e-001 -2.259551e+000 -9.403946e+000 -2.261068e+000 4.343864e+000 3.661071e+000 -3.382123e-001 -2.307084e+000 -3.991237e+000 -8.612710e-001 -4.402840e-001 -6.213031e-001 1.089332e+000 -2.881347e-001 -7.125594e-001 1.413190e-001 8.441067e-001 5.200480e-001 -1.114019e+000 3.436968e-001 2.846837e-001 3.005357e-001 1.326315e-001
<VARIANCE> 25
 1.548139e+001 3.220354e+001 3.111463e+001 5.425814e+001 7.643308e+001 2.681063e+001 6.031489e+001 3.970522e+001 4.111620e+001 3.027300e+001 3.418135e+001 2.389313e+001 1.322962e+000 2.635499e+000 2.046111e+000 5.950477e+000 6.137510e+000 2.220206e+000 5.032916e+000 5.175070e+000 4.304974e+000 3.202595e+000 3.643005e+000 2.896743e+000 1.491607e+000
<GCONST> 1.038285e+002
<STATE> 3
<MEAN> 25
 3.232499e+000 -8.208941e+000 6.628142e+000 -6.512027e+000 -9.523283e+000 -2.710988e+000 9.443728e+000 1.126175e+000 -8.153459e+000 4.113304e+000 -4.261179e+000 -2.147146e+000 -1.308344e-001 1.242937e+000 1.936059e-001 5.177993e-001 3.963472e-001 8.467387e-002 -1.791956e-001 -1.033427e+000 -6.409948e-002 4.983715e-001 1.588635e-001 -1.218154e-001 -7.849585e-001
<VARIANCE> 25
 1.473672e+001 2.772431e+001 5.181503e+001 3.911812e+001 4.022578e+001 2.354558e+001 6.083398e+001 6.816254e+001 5.562849e+001 7.983783e+001 3.927043e+001 2.249926e+001 9.619375e-001 1.116300e+000 2.021694e+000 3.001210e+000 2.218203e+000 1.832981e+000 4.624487e+000 2.785081e+000 5.239014e+000 4.503647e+000 2.736167e+000 1.909591e+000 7.988056e-001
<GCONST> 1.003623e+002
<STATE> 4
<MEAN> 25
 1.678005e+000 -1.292523e+000 2.812108e+000 1.087298e+000 -4.688059e+000 1.259701e-001 3.134104e+000 4.015341e-001 -1.560246e+000 1.145135e+000 -3.882435e-001 -9.538804e-001 -1.377146e-001 4.895239e-001 -1.661000e-001 2.921193e-001 3.893147e-001 1.558599e-001 -2.012851e-001 -2.573987e-001 3.049034e-001 -3.693340e-002 1.209763e-001 1.448339e-001 -4.214134e-001
<VARIANCE> 25
 2.266923e+001 1.856763e+001 2.093801e+001 4.437987e+001 5.937825e+001 2.515655e+001 3.040783e+001 3.725228e+001 3.318311e+001 3.396389e+001 2.862052e+001 1.674722e+001 4.037924e-001 7.175896e-001 1.036107e+000 1.399283e+000 1.492671e+000 1.524392e+000 1.930465e+000 2.185863e+000 1.960123e+000 2.156175e+000 1.826343e+000 1.360711e+000 2.880036e-001
<GCONST> 8.886640e+001
<TRANSP> 5
 0.000000e+000 1.000000e+000 0.000000e+000 0.000000e+000 0.000000e+000
 0.000000e+000 7.734455e-001 2.265545e-001 0.000000e+000 0.000000e+000
 0.000000e+000 0.000000e+000 7.697752e-001 2.302248e-001 0.000000e+000
 0.000000e+000 0.000000e+000 0.000000e+000 8.279517e-001 1.720483e-001
 0.000000e+000 0.000000e+000 0.000000e+000 0.000000e+000 0.000000e+000
<ENDHMM>
~h "s"
<BEGINHMM>
<NUMSTATES> 5
<STATE> 2
<MEAN> 25
 -1.025029e+001 6.710391e+000 -5.121767e+000 7.044589e+000 -1.482002e+000 -1.038050e+000 5.217483e+000 1.660115e+000 -1.545453e+000 1.772707e+000 3.028619e+000 -7.390867e-001 -8.523470e-001 3.366990e-001 -1.832530e-001 1.613465e-001 -1.466027e-001 5.424690e-002 3.253033e-001 9.804474e-002 -1.347465e-001 2.576629e-001 3.953448e-001 8.430158e-002 3.266764e-001
<VARIANCE> 25
 3.080305e+001 4.791189e+001 2.469085e+001 4.058419e+001 2.738240e+001 2.595949e+001 2.572710e+001 2.770931e+001 3.898712e+001 3.058495e+001 2.261799e+001 2.034943e+001 2.337563e+000 2.301906e+000 1.928454e+000 1.809517e+000 1.449484e+000 2.090459e+000 2.241279e+000 2.143055e+000 2.460238e+000 2.310461e+000 1.907151e+000 1.832834e+000 1.377087e+000
<GCONST> 9.542465e+001
<STATE> 3
<MEAN> 25
 -1.038020e+001 8.878697e-001 2.575937e-001 -1.110166e+000 -2.189500e+000 -1.356868e+000 5.743327e+000 -5.793300e-001 -9.212345e-001 2.215069e+000 4.612113e+000 -7.881580e-002 1.728456e+000 -9.897495e-001 2.010827e-001 -1.575633e+000 -3.098259e-001 -7.700204e-001 -8.342824e-001 -7.356623e-003 6.105823e-002 -6.712604e-001 -1.123165e+000 1.101721e-001 4.978511e-001
<VARIANCE> 25
 4.132177e+001 7.515329e+001 9.972759e+001 1.205815e+002 3.982640e+001 5.828075e+001 5.356501e+001 6.988909e+001 5.383078e+001 3.746230e+001 3.189676e+001 3.295214e+001 6.511979e+000 3.228588e+000 3.416746e+000 5.510355e+000 2.842004e+000 2.928343e+000 3.824236e+000 4.340071e+000 3.089493e+000 4.275749e+000 3.728778e+000 2.037287e+000 1.785929e+000
<GCONST> 1.100248e+002
<STATE> 4
<MEAN> 25
 -1.821480e+000 3.810997e-001 -3.033214e+000 -1.324019e+000 -2.875827e+000 -3.603244e+000 2.471119e+000 1.865768e+000 -1.760767e+000 -2.292531e-001 -5.051354e-001 3.298360e-001 2.667985e+000 -1.231614e+000 1.201480e-001 -1.869190e+000 -4.122481e-002 -4.794834e-001 -1.386638e+000 -9.125063e-001 -6.669951e-001 -1.215080e+000 -2.009484e+000 1.927073e-001 1.056816e+000
<VARIANCE> 25
 5.444847e+001 3.884222e+001 2.784749e+001 5.734264e+001 3.925841e+001 3.617488e+001 4.709822e+001 4.251376e+001 3.104846e+001 4.877818e+001 3.453610e+001 2.421710e+001 3.686469e+000 2.883309e+000 3.531389e+000 5.026688e+000 5.344914e+000 3.562348e+000 6.600877e+000 5.103635e+000 3.943890e+000 5.633289e+000 4.869781e+000 2.759190e+000 1.554891e+000
<GCONST> 1.077360e+002
<TRANSP> 5
 0.000000e+000 1.000000e+000 0.000000e+000 0.000000e+000 0.000000e+000
 0.000000e+000 8.676928e-001 1.323072e-001 0.000000e+000 0.000000e+000
 0.000000e+000 0.000000e+000 6.948624e-001 3.051376e-001 0.000000e+000
 0.000000e+000 0.000000e+000 0.000000e+000 3.732851e-001 6.267149e-001
 0.000000e+000 0.000000e+000 0.000000e+000 0.000000e+000 0.000000e+000
<ENDHMM>
~h "t"
<BEGINHMM>
<NUMSTATES> 5
<STATE> 2
<MEAN> 25
 3.711871e+000 3.481580e+000 -1.947555e+000 3.617053e+000 -6.742699e-001 2.156840e+000 -3.163559e+000 -1.308512e+000 -3.298954e+000 -2.372752e+000 -1.958823e-001 -1.569034e-001 -9.856894e-001 -5.122099e-001 -1.504228e-001 -1.014125e+000 -1.244402e-001 -3.478326e-001 5.725706e-001 2.213529e-001 -3.010732e-001 3.060589e-001 3.391065e-001 -1.612080e-001 8.068991e-001
<VARIANCE> 25
 3.825774e+001 4.205691e+001 5.741510e+001 2.578692e+001 2.407492e+001 4.924077e+001 4.040449e+001 3.166781e+001 2.722283e+001 2.663208e+001 3.473460e+001 4.436441e+001 3.052047e+000 3.944548e+000 3.949030e+000 4.119172e+000 2.990949e+000 5.162157e+000 4.458928e+000 3.842473e+000 2.663822e+000 3.689238e+000 3.627130e+000 3.526396e+000 5.887248e+000
<GCONST> 1.062509e+002
<STATE> 3
<MEAN> 25
 1.272024e-001 -1.076006e+000 -1.847545e+000 -2.314571e+000 -2.007537e+000 -1.797340e+000 9.399045e-001 4.001362e-002 -2.138260e+000 9.160136e-001 1.232553e+000 5.705650e-001 4.513517e-001 -8.672791e-001 -5.365344e-001 -3.165145e+000 -3.625337e-002 -1.815343e+000 -1.153104e-001 -3.790706e-001 5.268995e-001 5.782962e-001 -5.720878e-001 -2.384100e-001 2.632850e+000
<VARIANCE> 25
 4.164590e+001 2.480969e+001 7.380547e+001 5.620660e+001 4.492163e+001 8.329320e+001 3.462340e+001 4.908025e+001 4.102332e+001 4.355347e+001 4.073606e+001 4.184102e+001 4.147983e+000 4.962626e+000 7.603555e+000 6.675997e+000 3.962509e+000 8.433926e+000 5.840225e+000 5.686303e+000 5.766634e+000 7.861838e+000 5.384345e+000 3.850994e+000 6.348780e+000
<GCONST> 1.144701e+002
<STATE> 4
<MEAN> 25
 1.994100e+000 -2.249365e+000 -3.183577e+000 -7.974691e+000 -2.417114e-001 -4.408311e+000 -2.924300e-001 -1.290563e+000 6.437965e-001 1.176386e+000 -1.118154e+000 -8.261439e-001 1.140922e+000 -2.595322e-001 -8.064061e-001 -2.025897e+000 6.889248e-001 -6.671134e-002 -5.625594e-001 -1.085696e+000 3.223421e-001 6.491438e-002 -9.357677e-001 -2.792964e-001 1.098384e+000
<VARIANCE> 25
 3.338369e+001 3.469859e+001 4.998399e+001 4.770535e+001 5.749601e+001 4.371103e+001 4.912458e+001 3.439908e+001 4.143843e+001 4.598650e+001 4.786608e+001 1.999042e+001 2.289513e+000 3.771006e+000 5.070487e+000 7.699581e+000 3.853220e+000 4.095398e+000 3.789875e+000 4.762811e+000 3.171487e+000 4.101854e+000 3.928014e+000 2.655377e+000 3.556617e+000
<GCONST> 1.081078e+002
<TRANSP> 5
 0.000000e+000 1.000000e+000 0.000000e+000 0.000000e+000 0.000000e+000
 0.000000e+000 5.959348e-001 4.040652e-001 0.000000e+000 0.000000e+000
 0.000000e+000 0.000000e+000 5.440097e-001 4.559903e-001 0.000000e+000
 0.000000e+000 0.000000e+000 0.000000e+000 2.723067e-001 7.276933e-001
 0.000000e+000 0.000000e+000 0.000000e+000 0.000000e+000 0.000000e+000
<ENDHMM>
~h "w"
<BEGINHMM>
<NUMSTATES> 5
<STATE> 2
<MEAN> 25
 9.846262e+000 8.090999e+000 -2.111384e-001 -8.173470e+000 -2.260430e+000 -5.986881e+000 -6.438491e+000 -4.277277e+000 -7.756774e+000 1.292188e+000 1.122186e+000 1.463243e+000 1.905712e-001 -8.799012e-002 -5.684998e-001 -1.048090e+000 -1.040140e-001 -1.494510e-001 5.874807e-001 3.281883e-001 1.836696e-001 -5.993982e-002 2.964043e-001 -1.137637e-001 2.699192e-001
<VARIANCE> 25
 5.384711e+000 1.346094e+001 4.470539e+001 2.503919e+001 2.344121e+001 3.388617e+001 3.855453e+001 7.164950e+001 4.564268e+001 5.962722e+001 2.421055e+001 3.063515e+001 2.834426e-001 1.085512e+000 1.375072e+000 2.533770e+000 1.020838e+000 1.915573e+000 2.001042e+000 1.484243e+000 1.974536e+000 4.316879e+000 1.347893e+000 1.362581e+000 5.988488e-001
<GCONST> 9.043685e+001
<STATE> 3
<MEAN> 25
 7.449469e+000 -2.614547e-001 -3.717711e+000 -1.596209e+001 3.982342e+000 -4.484164e+000 1.091574e+000 -1.065959e+000 -3.888142e-001 4.405647e+000 1.239972e+000 -3.585528e+000 -7.583144e-001 -2.208258e+000 -1.415775e-001 -1.262512e-001 1.397894e+000 3.744045e-001 1.075011e+000 -4.456575e-001 1.367001e+000 -6.855215e-001 -6.310986e-001 -1.181337e+000 1.438492e+000
<VARIANCE> 25
 1.412274e+001 5.177672e+001 2.498032e+001 2.618704e+001 4.686964e+001 4.471273e+001 4.597595e+001 4.455377e+001 5.826120e+001 1.113792e+002 5.612516e+001 4.612106e+001 2.547924e-001 1.266452e+000 1.120422e+000 3.352757e+000 2.288169e+000 1.841954e+000 2.837257e+000 2.561880e+000 3.828804e+000 5.876524e+000 9.350106e+000 4.728631e+000 7.763419e-001
<GCONST> 1.011981e+002
<STATE> 4
<MEAN> 25
 2.202797e+000 -9.310085e+000 -5.637047e+000 -1.012893e+001 4.138810e+000 -1.289134e+000 6.599140e+000 -8.859415e-001 6.504014e-001 5.993932e-001 2.981460e+000 -1.039007e-001 -1.978849e-001 -2.573215e-001 -2.638791e-002 4.155705e-001 -4.077145e-002 1.666493e-001 8.720175e-002 1.044677e-001 -2.048811e-002 1.017280e-001 -1.644038e-002 3.477536e-001 -1.586653e-001
<VARIANCE> 25
 1.418366e+001 2.842453e+001 2.176866e+001 2.390952e+001 4.454859e+001 3.578851e+001 3.696355e+001 2.990714e+001 2.008614e+001 3.596763e+001 5.233473e+001 3.513143e+001 1.732810e-001 4.663363e-001 5.003000e-001 5.168038e-001 8.836708e-001 9.919677e-001 8.814816e-001 1.424604e+000 9.894320e-001 2.022318e+000 1.443794e+000 1.249175e+000 2.614364e-001
<GCONST> 8.285215e+001
<TRANSP> 5
 0.000000e+000 1.000000e+000 0.000000e+000 0.000000e+000 0.000000e+000
 0.000000e+000 8.619308e-001 1.380692e-001 0.000000e+000 0.000000e+000
 0.000000e+000 0.000000e+000 8.262743e-001 1.737256e-001 0.000000e+000
 0.000000e+000 0.000000e+000 0.000000e+000 9.287948e-001 7.120514e-002
 0.000000e+000 0.000000e+000 0.000000e+000 0.000000e+000 0.000000e+000
<ENDHMM>
~h "y"
<BEGINHMM>
<NUMSTATES> 5
<STATE> 2
<MEAN> 25
 1.291950e+000 -3.272256e+000 8.509591e+000 -1.093453e+001 -5.464655e+000 -3.349781e+000 3.418938e+000 -4.617193e+000 -2.060969e+000 3.910162e-002 -2.626206e+000 1.539422e+000 -3.151955e-001 1.152011e+000 1.289193e+000 -8.140616e-001 -1.126799e+000 3.354642e-002 -6.182111e-001 -7.921979e-001 1.706332e-001 1.393713e+000 5.839031e-002 1.467325e-001 -3.034133e-001
<VARIANCE> 25
 2.109671e+001 4.760333e+001 5.870554e+001 4.249315e+001 5.002718e+001 1.872020e+001 9.219760e+001 5.133826e+001 5.874112e+001 6.057669e+001 3.368110e+001 3.414667e+001 1.995581e-001 1.793251e+000 1.680402e+000 1.380476e+000 3.444151e+000 1.560439e+000 5.879723e+000 3.325521e+000 2.401014e+000 3.978601e+000 1.715565e+000 2.826987e+000 4.779902e-001
<GCONST> 9.877625e+001
<STATE> 3
<MEAN> 25
 3.011499e-001 -2.050599e+000 9.587221e+000 -1.411566e+001 -8.535253e+000 -4.621523e+000 3.943147e+000 -3.103559e+000 -1.780954e+000 3.566201e+000 -2.630771e+000 -1.934748e-001 2.883044e-001 -1.464435e+000 -1.709746e+000 1.700573e-001 8.128552e-001 1.940961e-001 1.572648e+000 9.874899e-001 7.228389e-002 -1.199067e+000 -4.366532e-002 -2.969459e-001 5.972247e-001
<VARIANCE> 25
 1.730102e+001 3.437629e+001 5.172691e+001 3.576315e+001 6.853012e+001 1.693588e+001 9.772489e+001 4.803373e+001 4.307660e+001 5.590402e+001 3.612193e+001 3.074680e+001 3.846399e-001 2.474854e+000 3.398386e+000 2.649992e+000 7.332188e+000 1.885907e+000 5.492693e+000 3.792425e+000 2.264587e+000 5.862540e+000 2.507276e+000 2.594858e+000 4.977650e-001
<GCONST> 1.017408e+002
<STATE> 4
<MEAN> 25
 6.626841e+000 -5.678591e+000 6.824014e-001 -6.855545e+000 -7.443830e+000 -2.989054e+000 1.773343e+000 -2.772975e+000 -6.098168e+000 -3.344755e+000 -5.028022e+000 1.055876e-001 2.484083e-001 -6.299648e-001 -1.031886e+000 4.480098e-001 1.438746e+000 1.988268e-001 -4.732788e-001 -3.334287e-001 2.825316e-001 -5.793888e-001 -2.013907e-001 6.521211e-002 -3.189480e-002
<VARIANCE> 25
 2.357884e+001 6.948675e+001 4.953347e+001 3.931771e+001 1.458936e+002 1.610296e+001 7.825730e+001 4.675206e+001 6.186660e+001 5.018259e+001 3.052735e+001 2.102222e+001 2.708184e-001 1.780093e+000 1.374860e+000 1.241634e+000 3.397698e+000 1.231300e+000 2.570377e+000 2.386203e+000 1.066825e+000 2.596151e+000 1.538786e+000 1.737038e+000 2.113026e-001
<GCONST> 9.489182e+001
<TRANSP> 5
 0.000000e+000 1.000000e+000 0.000000e+000 0.000000e+000 0.000000e+000
 0.000000e+000 8.228179e-001 1.771820e-001 0.000000e+000 0.000000e+000
 0.000000e+000 0.000000e+000 8.119598e-001 1.880402e-001 0.000000e+000
 0.000000e+000 0.000000e+000 0.000000e+000 8.046882e-001 1.953117e-001
 0.000000e+000 0.000000e+000 0.000000e+000 0.000000e+000 0.000000e+000
<ENDHMM>
~h "aa"
<BEGINHMM>
<NUMSTATES> 5
<STATE> 2
<MEAN> 25
 3.255744e+000 -7.975291e+000 -2.761948e+000 -4.723245e+000 3.582647e+000 -1.699099e+000 2.972283e+000 -1.090644e+000 -5.696465e-001 -3.328377e+000 -2.608295e+000 -1.115036e-001 5.046914e-001 -1.154854e+000 -5.504759e-001 -6.059240e-001 7.998272e-001 2.007134e-001 5.966453e-002 -2.722825e-001 -4.734774e-001 -6.566396e-001 -3.804613e-001 8.350042e-002 9.020640e-001
<VARIANCE> 25
 2.669413e+001 5.808467e+001 3.811127e+001 5.386687e+001 5.481143e+001 3.701385e+001 7.574513e+001 4.876542e+001 3.882289e+001 4.139265e+001 4.849979e+001 2.927151e+001 1.902386e+000 3.272795e+000 2.599314e+000 3.643429e+000 3.992162e+000 3.756542e+000 4.339646e+000 4.734903e+000 2.971426e+000 3.337872e+000 3.389404e+000 2.398276e+000 2.639706e+000
<GCONST> 1.065581e+002
<STATE> 3
<MEAN> 25
 4.931202e+000 -1.054956e+001 -4.395218e+000 -5.231689e+000 5.106795e+000 -8.202746e-001 2.539698e+000 -8.226424e-001 -2.794184e+000 -5.870023e+000 -3.986752e+000 6.635841e-001 3.933281e-001 7.209511e-001 1.137462e-001 8.684254e-001 -3.714498e-001 7.404216e-002 -7.348076e-001 -5.452110e-002 -3.899699e-001 -2.726904e-001 -9.494963e-002 2.391242e-002 -8.894044e-001
<VARIANCE> 25
 2.120021e+001 3.504222e+001 3.033406e+001 4.495819e+001 4.449721e+001 3.930176e+001 6.192445e+001 4.196718e+001 4.144925e+001 3.350768e+001 4.000006e+001 3.142410e+001 6.921973e-001 2.263289e+000 1.661649e+000 2.188386e+000 2.403485e+000 2.276903e+000 2.729637e+000 2.953628e+000 2.351652e+000 2.377746e+000 2.163812e+000 1.969910e+000 1.268975e+000
<GCONST> 9.841388e+001
<STATE> 4
<MEAN> 25
 6.965339e+000 -6.929572e+000 -5.352789e+000 -2.704369e+000 2.192452e+000 -1.854206e+000 -2.643551e+000 -1.483577e+000 -4.171452e+000 -8.116978e+000 -4.439812e+000 1.040447e+000 -1.650665e-001 6.964065e-001 3.031253e-001 3.282323e-001 -3.951927e-001 -1.681861e-001 -5.060846e-002 -6.635895e-002 -4.945031e-002 1.183777e-001 1.916237e-001 -6.088266e-002 -5.286250e-001
<VARIANCE> 25
 2.564382e+001 3.478051e+001 2.780419e+001 3.492514e+001 3.888416e+001 3.365113e+001 5.847292e+001 3.351524e+001 3.318913e+001 3.370050e+001 3.855503e+001 2.786595e+001 3.460380e-001 1.087644e+000 9.283950e-001 1.219701e+000 1.591275e+000 1.685019e+000 1.798713e+000 1.848099e+000 1.574593e+000 1.822074e+000 1.487544e+000 1.398724e+000 3.743585e-001
<GCONST> 9.051388e+001
<TRANSP> 5
 0.000000e+000 1.000000e+000 0.000000e+000 0.000000e+000 0.000000e+000
 0.000000e+000 7.431974e-001 2.568027e-001 0.000000e+000 0.000000e+000
 0.000000e+000 0.000000e+000 7.421349e-001 2.578651e-001 0.000000e+000
 0.000000e+000 0.000000e+000 0.000000e+000 8.352127e-001 1.647873e-001
 0.000000e+000 0.000000e+000 0.000000e+000 0.000000e+000 0.000000e+000
<ENDHMM>
~h "ao"
<BEGINHMM>
<NUMSTATES> 5
<STATE> 2
<MEAN> 25
 5.460236e+000 5.944384e-002 -5.977293e+000 -1.414359e+001 3.308701e+000 -2.373936e+000 -4.496950e-001 -4.145296e+000 -3.148613e+000 7.876927e+000 5.456657e-001 -2.878107e+000 3.485511e-001 -7.323389e-001 -3.173243e-001 -2.121889e+000 -5.467573e-001 5.869930e-002 5.536022e-001 -9.431578e-003 4.295754e-001 -9.941132e-002 1.335880e-001 -5.988640e-001 8.473464e-001
<VARIANCE> 25
 1.314325e+001 1.292552e+001 2.265364e+001 6.777985e+001 3.371953e+001 2.106207e+001 3.897861e+001 2.508249e+001 3.316404e+001 5.228388e+001 2.535865e+001 1.917740e+001 7.136596e-001 8.855833e-001 1.251069e+000 7.127297e+000 3.376375e+000 2.619550e+000 2.943380e+000 1.839422e+000 3.450289e+000 5.330271e+000 1.969517e+000 1.631629e+000 9.039550e-001
<GCONST> 9.509050e+001
<STATE> 3
<MEAN> 25
 6.130459e+000 -2.531530e+000 -2.263772e+000 -1.506639e+001 -2.727543e-001 -2.731926e+000 8.984799e-001 -5.982095e-001 -2.610515e-001 -8.560099e-001 -1.964086e+000 -6.694881e+000 2.798531e-001 -5.016728e-001 5.695018e-001 1.329753e+000 -1.064316e+000 -1.117435e-001 -5.047706e-001 1.052416e+000 1.117147e+000 -6.971267e-001 -2.412888e-001 -5.486469e-001 2.531639e-001
<VARIANCE> 25
 9.826973e+000 2.388792e+001 6.537053e+001 3.520286e+001 4.853702e+001 2.869207e+001 5.105633e+001 6.123156e+001 6.852705e+001 8.252198e+001 4.252383e+001 2.051764e+001 3.882870e-001 1.976592e+000 1.436641e+000 5.828029e+000 4.834344e+000 2.245780e+000 2.699043e+000 2.385309e+000 3.918824e+000 5.887995e+000 2.761780e+000 1.855515e+000 5.117109e-001
<GCONST> 1.000549e+002
<STATE> 4
<MEAN> 25
 1.099310e+001 -1.504375e+000 -4.295989e+000 -1.138832e+001 -5.614685e+000 -2.596884e+000 -4.873934e+000 -5.471255e-001 2.972359e+000 1.826898e+000 -1.297538e+000 -4.351072e+000 -1.799035e-002 -4.311159e-001 2.003003e-001 9.270459e-001 -7.742490e-001 -3.045410e-001 4.988380e-001 5.243958e-001 5.340688e-002 -2.320644e-001 -2.299927e-001 3.123826e-001 -1.243864e-001
<VARIANCE> 25
 1.595544e+001 2.352288e+001 3.296187e+001 5.531156e+001 5.501092e+001 4.806616e+001 7.601641e+001 8.931598e+001 5.704927e+001 3.445486e+001 3.035044e+001 2.780976e+001 1.985214e-001 6.592342e-001 1.354625e+000 3.465438e+000 1.909002e+000 1.729486e+000 1.835033e+000 2.185136e+000 2.979508e+000 2.560887e+000 2.251622e+000 1.383739e+000 2.296363e-001
<GCONST> 9.420130e+001
<TRANSP> 5
 0.000000e+000 1.000000e+000 0.000000e+000 0.000000e+000 0.000000e+000
 0.000000e+000 8.113280e-001 1.886720e-001 0.000000e+000 0.000000e+000
 0.000000e+000 0.000000e+000 6.405015e-001 3.594985e-001 0.000000e+000
 0.000000e+000 0.000000e+000 0.000000e+000 8.720125e-001 1.279875e-001
 0.000000e+000 0.000000e+000 0.000000e+000 0.000000e+000 0.000000e+000
<ENDHMM>
~h "eh"
<BEGINHMM>
<NUMSTATES> 5
<STATE> 2
<MEAN> 25
 4.053975e+000 -1.045417e+000 -2.158032e+000 -2.060107e+000 -3.658038e+000 -3.207657e+000 8.151446e-002 -9.091932e-001 7.964678e-001 3.385026e-002 -1.674288e+000 1.292945e-001 1.091258e+000 -3.719755e-001 -3.137288e-001 -1.013330e+000 -8.352330e-002 -1.702832e+000 -6.411111e-001 4.749074e-002 -7.331073e-002 -3.060350e-001 -1.192868e+000 -1.731994e-001 9.649825e-001
<VARIANCE> 25
 3.340024e+001 3.083076e+001 3.680191e+001 4.045743e+001 4.357126e+001 6.659406e+001 4.143405e+001 3.885061e+001 5.084324e+001 4.725867e+001 4.804075e+001 2.819229e+001 3.441098e+000 3.464474e+000 2.441221e+000 6.026553e+000 5.226203e+000 5.469598e+000 4.865920e+000 5.814319e+000 4.632181e+000 5.216498e+000 6.478338e+000 3.000355e+000 4.795139e+000
<GCONST> 1.101243e+002
<STATE> 3
<MEAN> 25
 5.432060e+000 -2.027407e-001 -7.049305e-001 -2.689237e+000 -4.516896e+000 -7.546580e+000 9.860992e-001 2.722710e-001 -1.007374e+000 -1.015627e+000 -4.045331e+000 -3.415095e-001 -5.500606e-001 9.032279e-002 8.423603e-002 3.809956e-001 8.511828e-001 9.035793e-002 8.630908e-002 3.180835e-001 -4.117807e-001 -3.453741e-001 4.991434e-002 -2.363106e-001 5.189672e-001
<VARIANCE> 25
 3.290009e+001 6.296261e+001 3.929709e+001 6.088392e+001 7.256746e+001 6.113763e+001 5.498034e+001 4.687711e+001 8.316901e+001 4.653099e+001 5.772878e+001 2.733008e+001 3.956205e+000 7.800989e+000 2.331399e+000 7.137481e+000 4.634210e+000 5.522733e+000 3.716779e+000 6.524810e+000 3.698595e+000 2.883363e+000 4.825159e+000 2.621313e+000 3.835244e+000
<GCONST> 1.121608e+002
<STATE> 4
<MEAN> 25
 3.804092e+000 -4.550054e-001 -7.895060e-001 -1.439304e+000 -3.505798e+000 -7.331221e+000 -3.104115e-001 1.132627e+000 -2.334952e+000 -3.413255e+000 -2.988077e+000 -2.893515e-001 -1.297881e+000 6.553123e-001 -1.972143e-001 8.292102e-001 4.591801e-001 6.763370e-001 4.300058e-001 -3.059835e-001 -5.047689e-002 3.759375e-001 5.635859e-001 -5.356801e-001 -2.670802e-001
<VARIANCE> 25
 4.262652e+001 6.270174e+001 2.024920e+001 4.975356e+001 3.614732e+001 4.966046e+001 5.336738e+001 4.262120e+001 4.815553e+001 4.555315e+001 4.047457e+001 3.502137e+001 2.731611e+000 3.197649e+000 1.351787e+000 2.416669e+000 2.358935e+000 3.870163e+000 3.259834e+000 3.092726e+000 2.617791e+000 2.401695e+000 2.242318e+000 2.495586e+000 7.824187e-001
<GCONST> 1.021138e+002
<TRANSP> 5
 0.000000e+000 1.000000e+000 0.000000e+000 0.000000e+000 0.000000e+000
 0.000000e+000 5.850311e-001 4.149689e-001 0.000000e+000 0.000000e+000
 0.000000e+000 0.000000e+000 4.982591e-001 5.017409e-001 0.000000e+000
 0.000000e+000 0.000000e+000 0.000000e+000 6.633286e-001 3.366714e-001
 0.000000e+000 0.000000e+000 0.000000e+000 0.000000e+000 0.000000e+000
<ENDHMM>
~h "hh"
<BEGINHMM>
<NUMSTATES> 5
<STATE> 2
<MEAN> 25
 -9.503635e-001 -8.578125e-001 -3.114825e+000 1.189133e+000 2.454900e+000 -2.659526e-001 -2.125657e-001 -3.337098e+000 1.961967e-001 1.555832e+000 3.268126e+000 -1.600249e-001 -2.236754e-001 -4.269155e-002 2.221801e-001 4.531638e-001 1.337792e-001 6.030255e-001 3.687339e-001 4.954915e-001 3.084124e-001 1.968266e-001 1.537031e-001 1.129062e-001 -3.670316e-001
<VARIANCE> 25
 3.789436e+000 6.309100e+000 6.656496e+000 2.288061e+001 1.311486e+001 2.113257e+001 1.409825e+001 1.508136e+001 2.539668e+001 2.072259e+001 1.740869e+001 1.742496e+001 3.579848e-001 4.535365e-001 5.698489e-001 1.154836e+000 1.023516e+000 1.083066e+000 1.071731e+000 1.459293e+000 1.636280e+000 2.158488e+000 1.037748e+000 1.244343e+000 1.177279e-001
<GCONST> 7.480382e+001
<STATE> 3
<MEAN> 25
 6.926777e-001 1.903682e-001 -2.645131e-001 4.165047e+000 2.046268e+000 2.549927e+000 2.430197e-001 -4.807140e-001 1.623700e-001 4.189649e-001 2.943090e+000 1.500393e+000 -1.433805e-002 1.062563e-001 2.124546e-001 8.445276e-002 -7.258891e-002 2.944233e-002 3.888314e-003 1.687400e-001 6.455236e-002 -3.202240e-002 -3.354607e-002 -4.453339e-003 -9.767912e-002
<VARIANCE> 25
 4.356781e+000 3.300990e+000 5.169439e+000 1.061691e+001 9.282450e+000 1.128283e+001 1.128613e+001 1.305143e+001 1.363026e+001 1.780227e+001 1.212005e+001 1.077712e+001 1.655527e-001 2.423207e-001 4.209313e-001 6.377597e-001 8.455327e-001 1.011954e+000 1.053296e+000 1.669012e+000 1.730966e+000 1.780943e+000 1.387919e+000 1.163135e+000 7.727321e-002
<GCONST> 6.754743e+001
<STATE> 4
<MEAN> 25
 -4.759934e+000 1.011098e+000 1.857574e+000 2.275061e+000 2.272947e+000 2.865527e+000 3.428150e+000 2.690858e+000 3.432034e+000 2.987691e+000 3.099843e+000 -4.337913e-001 -3.233587e-002 -2.882746e-002 7.621022e-003 -6.632309e-003 -1.400942e-002 -3.219133e-002 3.138431e-002 8.475265e-003 2.657823e-002 -7.651339e-003 -3.086433e-002 6.488614e-003 2.794382e-002
<VARIANCE> 25
 8.553413e+000 2.966428e+000 4.405686e+000 8.312586e+000 1.046973e+001 1.393960e+001 1.538632e+001 1.297301e+001 1.722627e+001 1.848848e+001 1.219019e+001 1.362634e+001 1.412481e-001 2.310942e-001 4.353464e-001 6.303449e-001 8.873562e-001 1.081721e+000 1.311963e+000 1.464866e+000 1.831872e+000 1.663795e+000 1.228607e+000 1.288685e+000 4.857900e-002
<GCONST> 6.838351e+001
<TRANSP> 5
 0.000000e+000 1.000000e+000 0.000000e+000 0.000000e+000 0.000000e+000
 0.000000e+000 8.322239e-001 1.677761e-001 0.000000e+000 0.000000e+000
 0.000000e+000 0.000000e+000 9.290746e-001 7.092542e-002 0.000000e+000
 0.000000e+000 0.000000e+000 0.000000e+000 9.645211e-001 3.547896e-002
 0.000000e+000 0.000000e+000 0.000000e+000 0.000000e+000 0.000000e+000
<ENDHMM>
~h "ih"
<BEGINHMM>
<NUMSTATES> 5
<STATE> 2
<MEAN> 25
 8.395504e-001 3.902352e+000 1.019496e+001 -5.924186e+000 -4.896370e+000 -2.692685e+000 -5.041729e+000 -5.071169e+000 -1.419504e+000 -2.455639e-001 -3.681251e+000 -1.478973e+000 -1.299393e-001 1.699544e-001 9.069259e-001 -1.035774e+000 1.472579e-001 -1.911555e-001 -7.512091e-001 -1.701119e-001 9.386057e-002 -1.831953e-001 -4.372287e-001 1.354081e-001 3.203855e-001
<VARIANCE> 25
 3.545170e+001 7.260663e+001 6.192444e+001 1.317287e+002 8.593223e+001 5.474117e+001 5.680821e+001 5.174955e+001 5.515361e+001 4.424355e+001 3.372697e+001 4.077387e+001 2.300425e+000 2.513917e+000 4.483159e+000 8.512966e+000 5.120203e+000 4.255743e+000 4.796586e+000 4.210048e+000 4.489162e+000 4.262079e+000 3.571283e+000 2.841934e+000 2.416495e+000
<GCONST> 1.119101e+002
<STATE> 3
<MEAN> 25
 1.048142e-001 5.229756e+000 1.180248e+001 -8.812445e+000 -2.648967e+000 -3.980836e+000 -7.969219e+000 -5.953681e+000 -1.243648e+000 -1.131747e+000 -4.018823e+000 -8.679487e-002 8.750220e-002 -1.052445e-001 -5.871935e-001 6.256661e-001 3.614959e-001 8.462403e-002 1.849125e-001 3.180534e-001 2.013540e-001 -1.185114e-001 4.391945e-001 5.033917e-002 -4.575354e-001
<VARIANCE> 25
 1.714977e+001 4.256033e+001 4.806104e+001 1.181547e+002 7.122202e+001 4.029353e+001 4.170903e+001 4.884914e+001 4.680444e+001 4.531750e+001 2.622564e+001 3.728495e+001 6.331352e-001 9.514841e-001 1.559635e+000 3.279228e+000 2.026987e+000 1.904728e+000 2.037721e+000 2.570848e+000 2.191962e+000 2.084726e+000 1.878970e+000 1.833622e+000 5.911142e-001
<GCONST> 9.767367e+001
<STATE> 4
<MEAN> 25
 -1.085036e+000 1.989953e+000 2.353358e+000 2.954691e+000 6.032609e-001 9.022771e-001 -1.314874e-001 1.024149e+000 1.831759e+000 7.478890e-001 1.493750e+000 2.510223e-001 -1.501643e-002 -7.837030e-002 -2.766079e-001 1.555802e-001 7.203263e-002 1.516173e-001 2.018060e-001 5.241800e-002 2.828051e-002 5.611275e-002 1.008641e-001 -2.803020e-002 -9.910557e-002
<VARIANCE> 25
 1.474337e+001 1.530478e+001 2.357752e+001 3.246194e+001 2.252791e+001 2.535407e+001 2.970911e+001 2.798886e+001 2.377673e+001 2.431905e+001 1.930234e+001 1.731821e+001 2.210026e-001 4.448302e-001 8.002560e-001 1.234086e+000 1.233127e+000 1.312264e+000 1.529685e+000 1.518143e+000 1.379555e+000 1.552173e+000 1.335204e+000 1.366800e+000 1.640709e-001
<GCONST> 8.179639e+001
<TRANSP> 5
 0.000000e+000 1.000000e+000 0.000000e+000 0.000000e+000 0.000000e+000
 0.000000e+000 7.867583e-001 2.132417e-001 0.000000e+000 0.000000e+000
 0.000000e+000 0.000000e+000 8.215582e-001 1.784418e-001 0.000000e+000
 0.000000e+000 0.000000e+000 0.000000e+000 8.856597e-001 1.143403e-001
 0.000000e+000 0.000000e+000 0.000000e+000 0.000000e+000 0.000000e+000
<ENDHMM>
~h "ng"
<BEGINHMM>
<NUMSTATES> 5
<STATE> 2
<MEAN> 25
 4.313482e+000 -2.932635e+000 5.632086e-001 -3.222511e+000 4.094248e+000 -7.720591e+000 2.268609e+000 -3.331169e+000 -8.841439e-001 -1.169831e+000 -8.284242e-001 -5.329291e+000 -4.325904e-002 -7.639901e-002 1.014481e-001 6.054837e-001 4.200700e-001 -1.007502e-001 -5.951877e-001 -2.155400e-001 4.297747e-001 -1.246424e-002 3.855439e-001 -3.147826e-002 -1.593786e-001
<VARIANCE> 25
 1.151036e+001 4.434453e+001 4.323198e+001 5.491226e+001 6.065292e+001 4.899906e+001 6.194163e+001 6.794101e+001 5.565977e+001 3.679428e+001 6.174522e+001 4.270645e+001 7.000185e-001 1.077141e+000 1.282022e+000 2.001321e+000 2.453183e+000 1.958409e+000 2.422864e+000 2.538074e+000 1.707462e+000 2.755225e+000 2.179228e+000 1.651956e+000 7.051615e-001
<GCONST> 9.832414e+001
<STATE> 3
<MEAN> 25
 3.093245e+000 -2.255621e+000 2.336784e-001 8.283701e-001 8.142981e+000 -5.251074e+000 -1.708935e+000 -3.920139e+000 2.023387e+000 -4.305265e-001 2.338852e+000 -4.909980e+000 -1.482492e-001 4.540429e-001 1.782031e-001 4.483025e-001 -1.128104e-001 8.142369e-001 -2.825253e-001 4.294769e-001 1.019103e-001 -1.506690e-002 -3.033112e-001 7.337138e-002 -7.369206e-001
<VARIANCE> 25
 9.750560e+000 5.220801e+001 2.884627e+001 3.014870e+001 4.656055e+001 3.354685e+001 4.404219e+001 3.264463e+001 5.057477e+001 3.380858e+001 9.302927e+001 3.565460e+001 4.110005e-001 1.609212e+000 9.985899e-001 1.395005e+000 1.615134e+000 1.930686e+000 2.538255e+000 1.919088e+000 1.890800e+000 1.919192e+000 3.044324e+000 1.334634e+000 7.844470e-001
<GCONST> 9.420985e+001
<STATE> 4
<MEAN> 25
 4.522401e-002 3.937748e-002 -9.749477e-001 3.926176e+000 4.681349e-001 1.953282e+000 1.149606e+000 4.052501e-001 5.225109e-001 1.524378e+000 5.618897e-001 7.757520e-001 -1.043227e-001 -4.795303e-002 -1.101150e-002 -3.050058e-003 -1.252839e-001 7.845457e-002 -1.756025e-002 1.247410e-001 7.585541e-002 8.292478e-002 1.436250e-001 1.231719e-001 -8.016625e-002
<VARIANCE> 25
 8.039391e+000 1.324187e+001 2.315404e+001 1.553628e+001 1.923412e+001 1.198456e+001 1.936163e+001 1.907435e+001 1.701844e+001 2.668086e+001 1.901583e+001 2.286764e+001 1.859581e-001 4.231793e-001 5.863227e-001 9.239167e-001 9.787060e-001 1.009093e+000 1.302050e+000 1.087156e+000 1.369461e+000 1.394943e+000 1.513628e+000 1.098838e+000 1.489458e-001
<GCONST> 7.647688e+001
<TRANSP> 5
 0.000000e+000 1.000000e+000 0.000000e+000 0.000000e+000 0.000000e+000
 0.000000e+000 6.441346e-001 3.558654e-001 0.000000e+000 0.000000e+000
 0.000000e+000 0.000000e+000 7.062540e-001 2.937460e-001 0.000000e+000
 0.000000e+000 0.000000e+000 0.000000e+000 9.346709e-001 6.532904e-002
 0.000000e+000 0.000000e+000 0.000000e+000 0.000000e+000 0.000000e+000
<ENDHMM>
~h "oh"
<BEGINHMM>
<NUMSTATES> 5
<STATE> 2
<MEAN> 25
 1.292055e-008 1.831648e-008 -6.299361e-008 6.397928e-009 6.513714e-008 4.146926e-008 -2.503356e-008 -3.737221e-008 4.785829e-009 -8.260601e-008 4.838081e-008 -2.966501e-008 7.700191e-003 5.403126e-003 9.986212e-003 -4.435305e-003 5.198286e-003 1.178548e-003 5.735684e-003 -2.200497e-003 -9.225003e-004 -6.409926e-004 -2.520854e-003 -2.406914e-003 2.725629e-002
<VARIANCE> 25
 4.587285e+001 1.030148e+002 6.019880e+001 7.829473e+001 5.465159e+001 4.961901e+001 6.176896e+001 4.825900e+001 4.880714e+001 4.872197e+001 3.755544e+001 3.288158e+001 1.069084e+000 2.243620e+000 1.931021e+000 2.910384e+000 2.554792e+000 2.477852e+000 2.995093e+000 2.747025e+000 2.618064e+000 2.724945e+000 2.375594e+000 2.010036e+000 1.498881e+000
<GCONST> 1.041510e+002
<STATE> 3
<MEAN> 25
 1.292055e-008 1.831648e-008 -6.299361e-008 6.397928e-009 6.513714e-008 4.146926e-008 -2.503356e-008 -3.737221e-008 4.785829e-009 -8.260601e-008 4.838081e-008 -2.966501e-008 7.700191e-003 5.403126e-003 9.986212e-003 -4.435305e-003 5.198286e-003 1.178548e-003 5.735684e-003 -2.200497e-003 -9.225003e-004 -6.409926e-004 -2.520854e-003 -2.406914e-003 2.725629e-002
<VARIANCE> 25
 4.587285e+001 1.030148e+002 6.019880e+001 7.829473e+001 5.465159e+001 4.961901e+001 6.176896e+001 4.825900e+001 4.880714e+001 4.872197e+001 3.755544e+001 3.288158e+001 1.069084e+000 2.243620e+000 1.931021e+000 2.910384e+000 2.554792e+000 2.477852e+000 2.995093e+000 2.747025e+000 2.618064e+000 2.724945e+000 2.375594e+000 2.010036e+000 1.498881e+000
<GCONST> 1.041510e+002
<STATE> 4
<MEAN> 25
 1.292055e-008 1.831648e-008 -6.299361e-008 6.397928e-009 6.513714e-008 4.146926e-008 -2.503356e-008 -3.737221e-008 4.785829e-009 -8.260601e-008 4.838081e-008 -2.966501e-008 7.700191e-003 5.403126e-003 9.986212e-003 -4.435305e-003 5.198286e-003 1.178548e-003 5.735684e-003 -2.200497e-003 -9.225003e-004 -6.409926e-004 -2.520854e-003 -2.406914e-003 2.725629e-002
<VARIANCE> 25
 4.587285e+001 1.030148e+002 6.019880e+001 7.829473e+001 5.465159e+001 4.961901e+001 6.176896e+001 4.825900e+001 4.880714e+001 4.872197e+001 3.755544e+001 3.288158e+001 1.069084e+000 2.243620e+000 1.931021e+000 2.910384e+000 2.554792e+000 2.477852e+000 2.995093e+000 2.747025e+000 2.618064e+000 2.724945e+000 2.375594e+000 2.010036e+000 1.498881e+000
<GCONST> 1.041510e+002
<TRANSP> 5
 0.000000e+000 1.000000e+000 0.000000e+000 0.000000e+000 0.000000e+000
 0.000000e+000 6.000000e-001 4.000000e-001 0.000000e+000 0.000000e+000
 0.000000e+000 0.000000e+000 6.000000e-001 4.000000e-001 0.000000e+000
 0.000000e+000 0.000000e+000 0.000000e+000 7.000000e-001 3.000000e-001
 0.000000e+000 0.000000e+000 0.000000e+000 0.000000e+000 0.000000e+000
<ENDHMM>
~h "uw"
<BEGINHMM>
<NUMSTATES> 5
<STATE> 2
<MEAN> 25
 6.188102e+000 1.987502e+000 -3.967029e+000 -9.719786e+000 -4.394132e-001 -5.333166e+000 -5.547339e+000 -3.538339e+000 -2.424588e+000 1.751617e+000 -2.706977e-001 -1.499776e+000 8.461561e-001 2.638433e-001 -7.244875e-001 -1.840412e+000 1.320364e-001 4.451652e-001 5.914082e-002 -6.417539e-001 -7.886345e-001 2.648885e-001 -8.689456e-002 1.018947e-001 2.567794e-001
<VARIANCE> 25
 1.973331e+001 2.021426e+001 3.545948e+001 7.299953e+001 6.533482e+001 4.366698e+001 4.313319e+001 3.284018e+001 4.176714e+001 4.805094e+001 3.835421e+001 2.531720e+001 1.753578e+000 1.601323e+000 1.955713e+000 6.202007e+000 3.656017e+000 4.341397e+000 3.127692e+000 3.595799e+000 3.721707e+000 2.916818e+000 3.423024e+000 2.490859e+000 1.678761e+000
<GCONST> 1.032479e+002
<STATE> 3
<MEAN> 25
 6.980608e+000 3.121622e+000 -4.802643e+000 -1.102054e+001 -1.111659e+000 -4.177550e+000 -4.221010e+000 -5.286562e+000 -4.683031e+000 1.369925e+000 -3.859645e-001 -1.031949e+000 -2.562355e-001 9.699746e-002 3.475223e-001 1.138719e+000 -9.019656e-002 6.454399e-002 7.743766e-003 5.510163e-002 3.705227e-001 -1.020960e-001 6.912672e-002 1.524553e-002 -6.183685e-001
<VARIANCE> 25
 1.462365e+001 2.182367e+001 2.415352e+001 6.364155e+001 4.886339e+001 3.576352e+001 3.968031e+001 2.838072e+001 3.849014e+001 4.443344e+001 3.996289e+001 2.957409e+001 7.397043e-001 1.046471e+000 1.171904e+000 3.971969e+000 2.381077e+000 2.771991e+000 2.299360e+000 2.538160e+000 3.205770e+000 2.864207e+000 2.598398e+000 2.028910e+000 8.915784e-001
<GCONST> 9.675990e+001
<STATE> 4
<MEAN> 25
 -1.115514e+000 1.507755e+000 7.018031e-001 1.822113e+000 1.107767e+000 1.443913e+000 1.082585e+000 1.095609e+000 1.799986e+000 1.896171e+000 2.197044e+000 6.655819e-002 -1.420657e-001 -3.948876e-002 1.138702e-001 3.297917e-001 3.969535e-002 1.099667e-001 8.358110e-002 1.431451e-001 1.804294e-001 -2.439531e-002 1.164990e-002 -2.016575e-002 -1.084450e-001
<VARIANCE> 25
 1.836337e+001 6.596981e+000 1.078948e+001 2.289049e+001 1.498828e+001 2.067221e+001 2.427603e+001 2.192040e+001 2.288308e+001 2.120526e+001 1.879531e+001 1.336557e+001 2.187476e-001 3.257076e-001 5.544544e-001 1.014439e+000 1.122898e+000 1.245157e+000 1.370475e+000 1.580812e+000 1.656942e+000 1.640331e+000 1.435764e+000 1.216557e+000 1.435065e-001
<GCONST> 7.748456e+001
<TRANSP> 5
 0.000000e+000 1.000000e+000 0.000000e+000 0.000000e+000 0.000000e+000
 0.000000e+000 7.081597e-001 2.918403e-001 0.000000e+000 0.000000e+000
 0.000000e+000 0.000000e+000 8.412465e-001 1.587535e-001 0.000000e+000
 0.000000e+000 0.000000e+000 0.000000e+000 9.126851e-001 8.731492e-002
 0.000000e+000 0.000000e+000 0.000000e+000 0.000000e+000 0.000000e+000
<ENDHMM>
~h "sil"
<BEGINHMM>
<NUMSTATES> 5
<STATE> 2
<MEAN> 25
 -1.024891e+001 4.474423e+000 -1.619302e+000 7.266648e+000 -1.150225e+000 6.141478e+000 -2.210196e-001 5.894908e+000 6.029330e+000 3.944949e+000 4.060011e+000 1.701415e+000 -2.473657e-002 2.378872e-002 1.004173e-003 -6.034664e-003 3.323669e-002 5.488820e-002 -1.417961e-002 -7.597561e-003 6.098330e-002 4.789394e-002 2.332001e-002 -4.545777e-002 -2.515897e-002
<VARIANCE> 25
 5.923759e+001 1.487923e+001 2.275896e+001 3.041543e+001 2.948668e+001 1.851972e+001 3.165956e+001 3.812775e+001 3.717453e+001 1.643442e+001 2.130508e+001 1.459145e+001 9.094388e-002 1.902010e-001 3.199468e-001 4.813542e-001 6.156240e-001 7.358527e-001 1.032171e+000 1.079179e+000 1.071908e+000 1.225354e+000 1.109526e+000 1.240015e+000 4.474641e-002
<GCONST> 7.569456e+001
<STATE> 3
<MEAN> 25
 -7.665223e+000 4.474174e+000 -8.138179e+000 4.640735e+000 -6.934691e+000 6.459169e+000 -1.693056e+000 2.547814e+000 -8.940161e-001 5.756853e+000 5.773897e-001 3.506238e+000 2.763359e-002 -1.115452e-001 -2.909183e-002 -5.431143e-002 1.267997e-001 -9.601424e-002 2.095587e-002 -5.029020e-002 -4.606876e-002 -3.012279e-002 -2.466419e-002 4.704656e-002 6.580039e-001
<VARIANCE> 25
 3.495955e+001 9.704284e+000 1.954548e+001 1.476165e+001 2.189520e+001 1.253341e+001 2.024910e+001 1.650137e+001 3.593958e+001 1.518122e+001 1.754111e+001 1.037042e+001 9.976273e-001 4.979697e-001 7.003922e-001 6.039920e-001 6.756401e-001 8.945149e-001 9.474063e-001 1.054187e+000 9.867728e-001 1.053461e+000 9.388651e-001 7.449102e-001 4.467340e+000
<GCONST> 7.948335e+001
<STATE> 4
<MEAN> 25
 -2.660212e+000 3.916461e-001 -5.539414e-001 2.927138e+000 9.915521e-001 2.731591e+000 1.722840e+000 1.622238e+000 2.205344e+000 2.081952e+000 2.632449e+000 8.435687e-001 1.153682e-001 -2.201426e-002 5.165704e-002 1.218133e-002 2.933872e-002 -3.350956e-002 2.894613e-002 -3.231762e-002 -5.767772e-002 6.502865e-003 -2.368386e-003 1.033868e-002 2.501364e-001
<VARIANCE> 25
 2.485218e+001 9.358821e+000 1.222233e+001 1.664192e+001 1.430941e+001 1.791838e+001 2.681529e+001 2.359413e+001 2.039636e+001 2.254188e+001 1.968107e+001 1.573184e+001 8.369856e-001 4.755359e-001 7.517009e-001 8.609496e-001 1.125335e+000 1.277658e+000 1.310167e+000 1.564478e+000 1.737003e+000 1.391808e+000 1.360888e+000 1.297626e+000 1.742289e+000
<GCONST> 8.230523e+001
<TRANSP> 5
 0.000000e+000 1.000000e+000 0.000000e+000 0.000000e+000 0.000000e+000
 0.000000e+000 9.394436e-001 6.055640e-002 0.000000e+000 0.000000e+000
 0.000000e+000 0.000000e+000 8.693554e-001 1.306446e-001 0.000000e+000
 0.000000e+000 0.000000e+000 0.000000e+000 9.164143e-001 8.358571e-002
 0.000000e+000 0.000000e+000 0.000000e+000 0.000000e+000 0.000000e+000
<ENDHMM>
