~o
<STREAMINFO> 1 25
<VECSIZE> 25<NULLD><MFCC_D_N_Z_0><DIAGC>
~t "T_b"
<TRANSP> 5
 0.000000e+000 1.000000e+000 0.000000e+000 0.000000e+000 0.000000e+000
 0.000000e+000 7.710088e-001 2.289912e-001 0.000000e+000 0.000000e+000
 0.000000e+000 0.000000e+000 7.602839e-001 2.397160e-001 0.000000e+000
 0.000000e+000 0.000000e+000 0.000000e+000 9.240019e-001 7.599806e-002
 0.000000e+000 0.000000e+000 0.000000e+000 0.000000e+000 0.000000e+000
~t "T_c"
<TRANSP> 5
 0.000000e+000 1.000000e+000 0.000000e+000 0.000000e+000 0.000000e+000
 0.000000e+000 6.000000e-001 4.000000e-001 0.000000e+000 0.000000e+000
 0.000000e+000 0.000000e+000 6.000000e-001 4.000000e-001 0.000000e+000
 0.000000e+000 0.000000e+000 0.000000e+000 7.000000e-001 3.000000e-001
 0.000000e+000 0.000000e+000 0.000000e+000 0.000000e+000 0.000000e+000
~t "T_d"
<TRANSP> 5
 0.000000e+000 1.000000e+000 0.000000e+000 0.000000e+000 0.000000e+000
 0.000000e+000 6.019995e-001 3.980005e-001 0.000000e+000 0.000000e+000
 0.000000e+000 0.000000e+000 5.831252e-001 4.168749e-001 0.000000e+000
 0.000000e+000 0.000000e+000 0.000000e+000 8.883026e-001 1.116974e-001
 0.000000e+000 0.000000e+000 0.000000e+000 0.000000e+000 0.000000e+000
~t "T_g"
<TRANSP> 5
 0.000000e+000 1.000000e+000 0.000000e+000 0.000000e+000 0.000000e+000
 0.000000e+000 7.537848e-001 2.462152e-001 0.000000e+000 0.000000e+000
 0.000000e+000 0.000000e+000 5.684408e-001 4.315592e-001 0.000000e+000
 0.000000e+000 0.000000e+000 0.000000e+000 5.289348e-001 4.710652e-001
 0.000000e+000 0.000000e+000 0.000000e+000 0.000000e+000 0.000000e+000
~t "T_h"
<TRANSP> 5
 0.000000e+000 1.000000e+000 0.000000e+000 0.000000e+000 0.000000e+000
 0.000000e+000 9.554862e-001 4.451377e-002 0.000000e+000 0.000000e+000
 0.000000e+000 0.000000e+000 7.848636e-001 2.151365e-001 0.000000e+000
 0.000000e+000 0.000000e+000 0.000000e+000 9.774868e-001 2.251313e-002
 0.000000e+000 0.000000e+000 0.000000e+000 0.000000e+000 0.000000e+000
~t "T_j"
<TRANSP> 5
 0.000000e+000 1.000000e+000 0.000000e+000 0.000000e+000 0.000000e+000
 0.000000e+000 8.765312e-001 1.234688e-001 0.000000e+000 0.000000e+000
 0.000000e+000 0.000000e+000 8.599326e-001 1.400674e-001 0.000000e+000
 0.000000e+000 0.000000e+000 0.000000e+000 9.193331e-001 8.066691e-002
 0.000000e+000 0.000000e+000 0.000000e+000 0.000000e+000 0.000000e+000
~t "T_k"
<TRANSP> 5
 0.000000e+000 1.000000e+000 0.000000e+000 0.000000e+000 0.000000e+000
 0.000000e+000 6.881840e-001 3.118160e-001 0.000000e+000 0.000000e+000
 0.000000e+000 0.000000e+000 6.221957e-001 3.778043e-001 0.000000e+000
 0.000000e+000 0.000000e+000 0.000000e+000 8.436529e-001 1.563471e-001
 0.000000e+000 0.000000e+000 0.000000e+000 0.000000e+000 0.000000e+000
~t "T_l"
<TRANSP> 5
 0.000000e+000 1.000000e+000 0.000000e+000 0.000000e+000 0.000000e+000
 0.000000e+000 7.663856e-001 2.336144e-001 0.000000e+000 0.000000e+000
 0.000000e+000 0.000000e+000 7.446887e-001 2.553113e-001 0.000000e+000
 0.000000e+000 0.000000e+000 0.000000e+000 9.057792e-001 9.422077e-002
 0.000000e+000 0.000000e+000 0.000000e+000 0.000000e+000 0.000000e+000
~t "T_m"
<TRANSP> 5
 0.000000e+000 1.000000e+000 0.000000e+000 0.000000e+000 0.000000e+000
 0.000000e+000 7.964712e-001 2.035288e-001 0.000000e+000 0.000000e+000
 0.000000e+000 0.000000e+000 8.180782e-001 1.819218e-001 0.000000e+000
 0.000000e+000 0.000000e+000 0.000000e+000 9.480760e-001 5.192406e-002
 0.000000e+000 0.000000e+000 0.000000e+000 0.000000e+000 0.000000e+000
~t "T_n"
<TRANSP> 5
 0.000000e+000 1.000000e+000 0.000000e+000 0.000000e+000 0.000000e+000
 0.000000e+000 7.504252e-001 2.495748e-001 0.000000e+000 0.000000e+000
 0.000000e+000 0.000000e+000 8.201441e-001 1.798559e-001 0.000000e+000
 0.000000e+000 0.000000e+000 0.000000e+000 9.395585e-001 6.044150e-002
 0.000000e+000 0.000000e+000 0.000000e+000 0.000000e+000 0.000000e+000
~t "T_p"
<TRANSP> 5
 0.000000e+000 1.000000e+000 0.000000e+000 0.000000e+000 0.000000e+000
 0.000000e+000 7.111893e-001 2.888107e-001 0.000000e+000 0.000000e+000
 0.000000e+000 0.000000e+000 8.448140e-001 1.551860e-001 0.000000e+000
 0.000000e+000 0.000000e+000 0.000000e+000 9.520648e-001 4.793523e-002
 0.000000e+000 0.000000e+000 0.000000e+000 0.000000e+000 0.000000e+000
~t "T_r"
<TRANSP> 5
 0.000000e+000 1.000000e+000 0.000000e+000 0.000000e+000 0.000000e+000
 0.000000e+000 7.992539e-001 2.007461e-001 0.000000e+000 0.000000e+000
 0.000000e+000 0.000000e+000 7.360076e-001 2.639924e-001 0.000000e+000
 0.000000e+000 0.000000e+000 0.000000e+000 7.720406e-001 2.279594e-001
 0.000000e+000 0.000000e+000 0.000000e+000 0.000000e+000 0.000000e+000
~t "T_s"
<TRANSP> 5
 0.000000e+000 1.000000e+000 0.000000e+000 0.000000e+000 0.000000e+000
 0.000000e+000 8.674532e-001 1.325468e-001 0.000000e+000 0.000000e+000
 0.000000e+000 0.000000e+000 6.874031e-001 3.125969e-001 0.000000e+000
 0.000000e+000 0.000000e+000 0.000000e+000 6.481433e-001 3.518567e-001
 0.000000e+000 0.000000e+000 0.000000e+000 0.000000e+000 0.000000e+000
~t "T_t"
<TRANSP> 5
 0.000000e+000 1.000000e+000 0.000000e+000 0.000000e+000 0.000000e+000
 0.000000e+000 7.045716e-001 2.954284e-001 0.000000e+000 0.000000e+000
 0.000000e+000 0.000000e+000 5.279641e-001 4.720359e-001 0.000000e+000
 0.000000e+000 0.000000e+000 0.000000e+000 7.050989e-001 2.949010e-001
 0.000000e+000 0.000000e+000 0.000000e+000 0.000000e+000 0.000000e+000
~t "T_w"
<TRANSP> 5
 0.000000e+000 1.000000e+000 0.000000e+000 0.000000e+000 0.000000e+000
 0.000000e+000 8.881608e-001 1.118392e-001 0.000000e+000 0.000000e+000
 0.000000e+000 0.000000e+000 8.575970e-001 1.424030e-001 0.000000e+000
 0.000000e+000 0.000000e+000 0.000000e+000 8.476477e-001 1.523524e-001
 0.000000e+000 0.000000e+000 0.000000e+000 0.000000e+000 0.000000e+000
~t "T_y"
<TRANSP> 5
 0.000000e+000 1.000000e+000 0.000000e+000 0.000000e+000 0.000000e+000
 0.000000e+000 5.601614e-001 4.398386e-001 0.000000e+000 0.000000e+000
 0.000000e+000 0.000000e+000 7.826468e-001 2.173532e-001 0.000000e+000
 0.000000e+000 0.000000e+000 0.000000e+000 8.248468e-001 1.751532e-001
 0.000000e+000 0.000000e+000 0.000000e+000 0.000000e+000 0.000000e+000
~t "T_aa"
<TRANSP> 5
 0.000000e+000 1.000000e+000 0.000000e+000 0.000000e+000 0.000000e+000
 0.000000e+000 7.428855e-001 2.571145e-001 0.000000e+000 0.000000e+000
 0.000000e+000 0.000000e+000 7.901940e-001 2.098059e-001 0.000000e+000
 0.000000e+000 0.000000e+000 0.000000e+000 8.261740e-001 1.738261e-001
 0.000000e+000 0.000000e+000 0.000000e+000 0.000000e+000 0.000000e+000
~t "T_ao"
<TRANSP> 5
 0.000000e+000 1.000000e+000 0.000000e+000 0.000000e+000 0.000000e+000
 0.000000e+000 4.728530e-001 5.271470e-001 0.000000e+000 0.000000e+000
 0.000000e+000 0.000000e+000 8.355529e-001 1.644471e-001 0.000000e+000
 0.000000e+000 0.000000e+000 0.000000e+000 7.856910e-001 2.143090e-001
 0.000000e+000 0.000000e+000 0.000000e+000 0.000000e+000 0.000000e+000
~t "T_eh"
<TRANSP> 5
 0.000000e+000 1.000000e+000 0.000000e+000 0.000000e+000 0.000000e+000
 0.000000e+000 6.298066e-001 3.701933e-001 0.000000e+000 0.000000e+000
 0.000000e+000 0.000000e+000 5.604252e-001 4.395748e-001 0.000000e+000
 0.000000e+000 0.000000e+000 0.000000e+000 7.111179e-001 2.888822e-001
 0.000000e+000 0.000000e+000 0.000000e+000 0.000000e+000 0.000000e+000
~t "T_hh"
<TRANSP> 5
 0.000000e+000 1.000000e+000 0.000000e+000 0.000000e+000 0.000000e+000
 0.000000e+000 8.487757e-001 1.512243e-001 0.000000e+000 0.000000e+000
 0.000000e+000 0.000000e+000 8.622377e-001 1.377623e-001 0.000000e+000
 0.000000e+000 0.000000e+000 0.000000e+000 9.185628e-001 8.143722e-002
 0.000000e+000 0.000000e+000 0.000000e+000 0.000000e+000 0.000000e+000
~t "T_ih"
<TRANSP> 5
 0.000000e+000 1.000000e+000 0.000000e+000 0.000000e+000 0.000000e+000
 0.000000e+000 8.101881e-001 1.898120e-001 0.000000e+000 0.000000e+000
 0.000000e+000 0.000000e+000 8.891199e-001 1.108801e-001 0.000000e+000
 0.000000e+000 0.000000e+000 0.000000e+000 7.735188e-001 2.264813e-001
 0.000000e+000 0.000000e+000 0.000000e+000 0.000000e+000 0.000000e+000
~t "T_ng"
<TRANSP> 5
 0.000000e+000 1.000000e+000 0.000000e+000 0.000000e+000 0.000000e+000
 0.000000e+000 8.248437e-001 1.751562e-001 0.000000e+000 0.000000e+000
 0.000000e+000 0.000000e+000 7.565698e-001 2.434302e-001 0.000000e+000
 0.000000e+000 0.000000e+000 0.000000e+000 9.383819e-001 6.161804e-002
 0.000000e+000 0.000000e+000 0.000000e+000 0.000000e+000 0.000000e+000
~t "T_oh"
<TRANSP> 5
 0.000000e+000 1.000000e+000 0.000000e+000 0.000000e+000 0.000000e+000
 0.000000e+000 7.081990e-001 2.918009e-001 0.000000e+000 0.000000e+000
 0.000000e+000 0.000000e+000 8.964807e-001 1.035193e-001 0.000000e+000
 0.000000e+000 0.000000e+000 0.000000e+000 9.662880e-001 3.371205e-002
 0.000000e+000 0.000000e+000 0.000000e+000 0.000000e+000 0.000000e+000
~t "T_uw"
<TRANSP> 5
 0.000000e+000 1.000000e+000 0.000000e+000 0.000000e+000 0.000000e+000
 0.000000e+000 6.575159e-001 3.424841e-001 0.000000e+000 0.000000e+000
 0.000000e+000 0.000000e+000 7.986038e-001 2.013962e-001 0.000000e+000
 0.000000e+000 0.000000e+000 0.000000e+000 8.019385e-001 1.980614e-001
 0.000000e+000 0.000000e+000 0.000000e+000 0.000000e+000 0.000000e+000
~s "ST_aa_2_1"
<MEAN> 25
 2.681592e+000 -4.911844e+000 -1.346244e+000 -1.918939e+000 -5.519046e-001 -2.205289e+000 1.224462e+000 -1.165834e+000 -2.286439e-001 -4.803790e-001 -8.847414e-001 -2.728097e-001 7.954453e-001 -2.079375e+000 -1.057468e+000 -8.665513e-001 5.089750e-001 4.129908e-002 7.366548e-001 -3.812753e-001 -2.986687e-001 -6.306491e-001 -4.354626e-001 -2.970862e-002 1.692908e+000
<VARIANCE> 25
 2.662669e+001 1.235373e+002 5.215115e+001 9.804803e+001 7.675616e+001 4.968497e+001 1.009890e+002 5.584175e+001 5.642356e+001 6.464931e+001 5.008511e+001 4.395940e+001 2.415390e+000 6.757699e+000 4.385239e+000 6.755099e+000 7.041374e+000 5.092013e+000 7.589198e+000 6.276911e+000 5.264663e+000 6.062926e+000 4.964859e+000 3.767911e+000 2.660252e+000
<GCONST> 1.163624e+002
~s "ST_aa_2_2"
<MEAN> 25
 3.934571e+000 -9.455155e+000 2.798249e+000 -9.024319e+000 -4.681873e+000 -4.157473e+000 2.003796e+000 -3.117588e+000 -1.378434e+000 1.725472e+000 5.077386e-001 -1.694055e+000 7.442061e-001 -1.732176e+000 -2.316099e+000 2.418234e-001 9.940757e-001 8.079570e-001 1.541320e+000 5.577375e-001 -4.158421e-001 -1.240480e+000 -4.320204e-001 4.097283e-001 4.200900e-001
<VARIANCE> 25
 2.293752e+001 1.208139e+002 4.866951e+001 6.547877e+001 1.281324e+002 4.227115e+001 1.379785e+002 3.546460e+001 5.939767e+001 6.012977e+001 5.849738e+001 2.297239e+001 4.095941e-001 2.322757e+000 1.454663e+000 6.602159e+000 8.403812e+000 2.732246e+000 7.773268e+000 4.513267e+000 2.656847e+000 4.417465e+000 3.073952e+000 2.860962e+000 4.799965e-001
<GCONST> 1.072243e+002
~s "ST_aa_3_1"
<MEAN> 25
 6.354053e+000 -1.562283e+001 -6.123216e+000 1.214496e+000 -6.962690e-001 1.074010e+000 7.059453e+000 -3.015900e+000 -4.017385e+000 7.313102e-001 -7.693588e-001 -1.736101e+000 1.656407e-001 4.486381e-001 -2.021502e-001 3.398224e-001 1.534616e-001 2.802556e-001 -2.476800e-001 -2.095211e-001 -2.291536e-001 -2.067810e-001 -2.072629e-001 1.026150e-001 -5.401258e-001
<VARIANCE> 25
 1.706998e+001 8.255319e+001 3.811163e+001 8.596294e+001 6.965693e+001 4.814964e+001 7.202531e+001 5.316948e+001 4.979603e+001 6.096170e+001 5.702675e+001 5.048452e+001 7.383985e-001 2.158478e+000 1.732909e+000 3.106327e+000 2.884859e+000 2.415802e+000 3.824766e+000 3.121910e+000 2.807550e+000 2.863541e+000 3.243002e+000 2.442929e+000 1.254463e+000
<GCONST> 1.045955e+002
~s "ST_aa_4_1"
<MEAN> 25
 5.819465e+000 -6.515899e+000 -5.690670e+000 -4.265449e+000 9.532193e-001 -1.104351e+000 -4.394527e-001 -2.271345e+000 -2.661897e+000 -6.101404e+000 -2.979990e+000 1.899971e+000 -2.483622e-001 3.416686e-001 1.289057e-001 2.821546e-001 -1.051920e-001 -6.935207e-002 -1.799978e-002 3.475365e-002 3.712143e-002 1.022547e-001 1.448367e-001 -4.375904e-002 -4.262869e-001
<VARIANCE> 25
 2.518581e+001 4.714972e+001 3.005069e+001 5.594480e+001 2.611575e+001 4.085936e+001 7.151874e+001 3.067984e+001 3.500238e+001 4.696737e+001 4.862241e+001 2.878316e+001 3.570597e-001 1.044434e+000 7.691542e-001 1.231026e+000 1.373927e+000 1.548690e+000 1.629223e+000 1.524382e+000 1.315286e+000 1.778050e+000 1.834061e+000 1.180262e+000 4.070164e-001
<GCONST> 9.111549e+001
~s "ST_aa_4_2"
<MEAN> 25
 4.204391e+000 -9.290974e+000 -6.068406e+000 -8.187370e+000 5.351113e+000 -1.094880e+000 3.265749e+000 -3.107375e+000 1.322340e-001 -4.626093e+000 -1.322494e+000 4.361760e-001 1.065772e-001 5.292071e-001 4.966735e-002 1.273098e-001 -1.317609e-001 2.286021e-001 -3.150913e-001 3.049800e-001 -1.935775e-001 -3.064640e-001 1.223919e-001 -1.780823e-001 -3.750907e-001
<VARIANCE> 25
 2.165198e+001 3.579827e+001 2.351759e+001 5.530368e+001 4.573011e+001 2.963949e+001 8.059418e+001 3.736508e+001 5.790610e+001 3.483135e+001 4.589882e+001 2.743238e+001 2.666650e-001 9.124617e-001 9.193529e-001 1.403938e+000 2.447885e+000 1.654839e+000 2.228005e+000 1.894770e+000 1.391462e+000 2.250486e+000 1.568160e+000 1.482432e+000 3.128011e-001
<GCONST> 9.224390e+001
~s "ST_aa_4_3"
<MEAN> 25
 1.000484e+001 -6.396201e+000 -6.166232e+000 -5.718703e+000 -7.476283e-001 -1.160942e+000 -4.115240e+000 -4.332518e+000 -5.682662e+000 -7.027237e+000 -5.311338e+000 1.575159e+000 -6.539877e-002 3.100591e-001 1.337650e-001 -6.213090e-002 -2.469512e-001 -8.475005e-002 -7.500015e-002 -1.343488e-001 -1.586764e-003 -7.166032e-002 2.666164e-001 -6.083659e-002 -1.715024e-001
<VARIANCE> 25
 1.695666e+001 6.843564e+001 3.650581e+001 2.513772e+001 6.047197e+001 2.094281e+001 5.068861e+001 2.554845e+001 3.244027e+001 3.312086e+001 4.192541e+001 3.067458e+001 1.796424e-001 9.620422e-001 9.451333e-001 6.709674e-001 1.744025e+000 1.120069e+000 1.722851e+000 1.486345e+000 1.440316e+000 1.902400e+000 1.383371e+000 1.259391e+000 1.550753e-001
<GCONST> 8.737269e+001
~s "ST_s_2_1"
<MEAN> 25
 -1.022451e+001 9.090096e+000 -1.827683e+000 9.938975e-002 5.007454e+000 -3.352026e+000 4.503578e+000 4.483225e+000 -2.667614e+000 2.737995e+000 2.111756e+000 -4.353201e-001 -4.914273e-001 2.912357e-001 -2.846361e-002 -1.512444e-001 1.172891e-001 -6.209679e-002 -6.614900e-002 2.366306e-001 -1.061620e-001 1.321789e-001 1.873502e-001 -2.751463e-002 2.554176e-001
<VARIANCE> 25
 2.689809e+001 3.200647e+001 1.380382e+001 3.869955e+001 2.390587e+001 2.750534e+001 3.006372e+001 4.504863e+001 5.848117e+001 2.661279e+001 2.907108e+001 1.404381e+001 1.198451e+000 1.101405e+000 9.531792e-001 1.326196e+000 1.864750e+000 2.116309e+000 1.398676e+000 1.791785e+000 2.036767e+000 2.058054e+000 2.134987e+000 1.216208e+000 2.636585e-001
<GCONST> 8.990502e+001
~s "ST_s_2_2"
<MEAN> 25
 -7.341182e+000 3.735742e+000 -4.056775e+000 5.218870e+000 -2.523219e+000 7.019157e-002 4.906339e+000 -2.323605e-001 -3.542687e+000 7.536315e-001 2.722037e+000 -1.060674e+000 -5.978085e-001 1.446641e-001 -1.265900e-001 9.889088e-002 -1.188096e-001 2.397326e-001 2.709630e-001 1.306650e-003 1.668110e-001 4.833085e-001 2.684756e-001 1.834415e-002 4.445866e-002
<VARIANCE> 25
 2.506241e+001 4.288539e+001 2.116651e+001 4.336997e+001 1.974279e+001 2.583107e+001 4.405061e+001 3.131055e+001 4.756165e+001 3.713419e+001 2.231090e+001 2.820701e+001 1.583050e+000 2.055895e+000 1.577677e+000 1.489343e+000 1.432001e+000 1.947499e+000 2.288847e+000 2.166953e+000 2.387555e+000 2.400517e+000 1.798869e+000 1.903263e+000 4.313849e-001
<GCONST> 9.393116e+001
~s "ST_s_3_1"
<MEAN> 25
 -1.073556e+001 -6.165268e+000 9.496381e+000 -9.065451e+000 -2.921440e+000 4.898986e+000 2.639688e+000 -5.750358e+000 3.149314e+000 2.644688e+000 4.949512e+000 1.214267e+000 2.492534e-002 -6.646578e-001 8.404210e-001 -8.898274e-001 -3.453494e-001 -3.625295e-001 -5.666879e-001 -4.359681e-001 2.262095e-001 -1.427759e-001 -2.621171e-001 9.620610e-002 4.955932e-001
<VARIANCE> 25
 5.431106e+001 7.443475e+001 1.013633e+002 1.223203e+002 2.537055e+001 5.946874e+001 4.678548e+001 5.344635e+001 3.561756e+001 2.571945e+001 2.025487e+001 2.213822e+001 7.045051e+000 1.771204e+000 5.088032e+000 4.142139e+000 2.476146e+000 3.136998e+000 3.099885e+000 3.719202e+000 3.115400e+000 1.826226e+000 2.649672e+000 1.896619e+000 1.127342e+000
<GCONST> 1.052859e+002
~s "ST_s_4_1"
<MEAN> 25
 -6.172260e+000 -6.180312e+000 7.533554e+000 -3.537534e+000 1.906542e+000 -3.881226e-001 -1.078179e-001 -2.024617e-001 -2.897530e+000 3.162578e+000 2.239584e+000 -1.196011e+000 1.648223e+000 -2.382680e-001 5.064999e-001 -8.086033e-001 -4.486566e-001 -6.572331e-001 -1.202115e+000 -2.988318e-002 -1.809076e-001 -8.668100e-001 -1.253418e+000 -1.939586e-001 4.237200e-001
<VARIANCE> 25
 5.414750e+001 2.296710e+002 1.196520e+002 1.893890e+002 1.155599e+002 9.016002e+001 9.703371e+001 7.826743e+001 6.467910e+001 5.612903e+001 4.585131e+001 4.737237e+001 7.100687e+000 5.070195e+000 6.625056e+000 1.043020e+001 7.356747e+000 7.925990e+000 8.110616e+000 7.957796e+000 6.481466e+000 5.813831e+000 5.376861e+000 5.634471e+000 1.742996e+000
<GCONST> 1.231188e+002
~s "ST_oh_2_1"
<MEAN> 25
 2.838679e+000 -1.115836e+001 -5.659979e+000 -8.242063e+000 4.978715e-001 2.818778e+000 2.673519e+000 -4.634945e+000 4.646500e+000 -3.804665e+000 -2.255588e+000 -1.379753e+000 6.781141e-001 7.698423e-001 4.124564e-001 2.823189e-001 -1.478861e+000 -1.109331e+000 -1.925990e+000 8.120832e-001 3.241649e-001 1.365454e+000 2.728277e-001 4.807343e-001 -6.308153e-001
<VARIANCE> 25
 3.710966e+000 7.843457e+000 2.682969e+001 5.964465e+001 9.972994e+000 1.749507e+001 4.772223e+001 1.528694e+001 5.006768e+001 4.031059e+001 2.735518e+000 2.743102e+001 1.787715e-001 7.414458e-001 9.715652e-001 8.787535e-001 1.069583e+000 2.793643e+000 3.750379e+000 3.315236e+000 3.016789e+000 1.761594e+000 6.695487e-001 2.077988e+000 1.137314e-001
<GCONST> 8.164085e+001
~s "ST_oh_3_1"
<MEAN> 25
 4.713928e+000 -3.392552e+000 -6.728807e+000 -1.177908e+001 -1.772738e+000 1.185187e+000 -3.970776e-001 -7.894801e+000 2.938789e+000 5.381444e+000 3.735447e+000 1.700851e+000 -1.897064e-001 3.496864e-001 1.155463e-001 5.587233e-001 4.627045e-002 -9.577588e-002 3.086651e-001 -4.297604e-003 -7.193284e-001 -2.739340e-001 5.985314e-002 -1.676997e-001 -4.718820e-001
<VARIANCE> 25
 4.440436e+000 8.982549e+000 8.663931e+000 6.105994e+001 1.881641e+001 8.476207e+000 3.669228e+001 2.061714e+001 4.626800e+001 4.205458e+001 1.270050e+001 8.324640e+000 4.071777e-001 5.232010e-001 8.805875e-001 2.364801e+000 1.894826e+000 1.652404e+000 1.816207e+000 1.756612e+000 8.384089e-001 1.399337e+000 1.588999e+000 1.626219e+000 3.134008e-001
<GCONST> 8.127652e+001
~s "ST_oh_4_1"
<MEAN> 25
 -5.340303e+000 2.424464e-001 1.580716e+000 1.571716e+000 2.614345e+000 1.402911e+000 4.095694e+000 3.253267e+000 2.920857e+000 2.212943e+000 2.030754e+000 -4.271272e-001 -6.058057e-002 4.136834e-002 7.333165e-002 -2.517809e-003 -4.708713e-002 1.376715e-002 9.759597e-002 8.538587e-002 1.475311e-001 1.606895e-001 6.195946e-002 -9.236141e-002 -2.048902e-002
<VARIANCE> 25
 3.295509e+000 3.044547e+000 4.800357e+000 4.936035e+000 9.615800e+000 1.066330e+001 1.503429e+001 1.399096e+001 2.003084e+001 2.336489e+001 1.073772e+001 1.021515e+001 1.079879e-001 2.166240e-001 2.925082e-001 5.634699e-001 9.037401e-001 1.391626e+000 1.621834e+000 1.663183e+000 1.615788e+000 1.337566e+000 9.980956e-001 1.047573e+000 3.556130e-002
<GCONST> 6.538526e+001
~s "ST_l_2_1"
<MEAN> 25
 3.390845e+000 -3.824687e+000 -4.746791e+000 -2.531199e+000 2.046216e-001 -1.520531e-001 1.894524e+000 -5.409757e+000 1.567459e+000 2.295787e+000 6.366361e-001 -1.364971e+000 -7.600468e-002 7.074449e-001 -3.631117e-001 -5.401596e-001 -6.889050e-003 2.258089e-002 -4.080793e-002 2.030957e-001 2.367711e-001 -6.235619e-003 5.147144e-001 4.667501e-001 -4.306799e-001
<VARIANCE> 25
 1.084210e+001 4.407172e+001 4.058871e+001 1.011321e+002 6.124036e+001 6.653368e+001 4.438330e+001 4.405261e+001 6.057696e+001 3.968736e+001 3.001492e+001 3.590633e+001 3.416307e-001 1.479452e+000 1.528319e+000 3.005551e+000 3.025984e+000 2.905920e+000 2.539480e+000 2.384596e+000 3.512782e+000 2.210249e+000 2.370342e+000 2.211197e+000 7.279335e-001
<GCONST> 9.930020e+001
~s "ST_l_3_1"
<MEAN> 25
 4.606375e+000 8.849178e-001 -4.676973e+000 -3.376875e+000 -1.138635e+000 -3.197629e+000 -1.851052e-001 1.647664e+000 1.345309e+000 -4.912123e+000 2.904963e-001 2.727885e+000 -2.133254e-001 7.697736e-001 3.754691e-001 3.009809e-001 -6.000362e-001 3.763354e-001 1.441836e-002 5.515636e-001 -3.880752e-002 3.492116e-002 2.866801e-002 2.526887e-001 -8.816518e-001
<VARIANCE> 25
 2.192960e+001 4.810931e+001 2.416589e+001 4.683535e+001 4.078022e+001 6.331132e+001 9.076762e+001 8.156306e+001 5.862323e+001 3.882816e+001 3.243829e+001 2.911979e+001 8.351370e-001 1.564836e+000 1.260827e+000 4.565908e+000 2.045259e+000 2.916117e+000 3.128347e+000 3.870245e+000 2.639706e+000 2.483267e+000 2.058325e+000 2.468690e+000 7.958140e-001
<GCONST> 1.008618e+002
~s "ST_l_4_1"
<MEAN> 25
 -1.417623e-001 1.679950e+000 1.305965e+000 6.105561e+000 2.896746e-001 2.041342e+000 -4.930843e-001 3.414134e+000 6.902156e-001 -1.721272e+000 2.400188e+000 -9.883445e-003 -1.202174e-001 -4.226188e-002 1.206288e-001 8.562765e-002 -1.896083e-002 6.976840e-002 3.003932e-002 1.636006e-001 1.662351e-002 8.031862e-002 4.492384e-002 1.408268e-002 -9.758943e-002
<VARIANCE> 25
 6.842709e+000 8.836471e+000 7.786950e+000 1.343654e+001 1.469858e+001 1.453953e+001 1.938129e+001 2.325399e+001 1.852727e+001 1.764676e+001 1.475755e+001 1.440369e+001 2.260883e-001 3.013889e-001 5.621663e-001 8.362873e-001 8.564581e-001 1.161748e+000 1.637592e+000 1.901370e+000 1.703524e+000 1.408249e+000 1.282734e+000 1.593439e+000 9.584176e-002
<GCONST> 7.425860e+001
~s "ST_l_4_2"
<MEAN> 25
 -1.565961e+000 1.262484e+001 -1.265456e+000 -7.327856e+000 -2.181027e+000 4.358504e+000 3.022169e+000 1.427899e+000 1.956557e+000 -4.334643e+000 1.169450e+000 6.206299e+000 -7.581247e-002 6.493234e-002 2.259614e-001 2.084257e-001 -2.575926e-002 -1.637840e-001 -3.586152e-002 -2.613923e-002 3.365973e-002 -6.717971e-002 -9.953729e-002 1.192335e-002 -4.196280e-002
<VARIANCE> 25
 1.009627e+001 5.209037e+001 2.875859e+001 2.340374e+001 2.831953e+001 6.524759e+001 3.737237e+001 5.517871e+001 3.934125e+001 4.014096e+001 4.282410e+001 2.759374e+001 1.761910e-001 6.158611e-001 1.130750e+000 8.063976e-001 1.566042e+000 3.660811e+000 2.124652e+000 3.260572e+000 2.073481e+000 1.895673e+000 2.340841e+000 2.153701e+000 1.396348e-001
<GCONST> 9.070282e+001
~s "ST_y_2_1"
<MEAN> 25
 -3.588572e+000 -1.279144e+001 8.155653e+000 -8.982119e+000 6.000288e+000 -1.935627e+000 2.009508e-001 -4.568914e+000 -2.955324e-001 2.562356e+000 -6.791624e-001 1.660126e+000 -2.920280e-001 -4.969301e-001 1.146946e+000 -2.649539e-001 -1.214249e-001 -5.580385e-001 -1.122466e+000 -2.864548e-002 3.419310e-001 5.327022e-001 3.900076e-001 -5.274202e-001 5.053729e-001
<VARIANCE> 25
 1.138294e+002 2.263346e+002 1.296131e+002 1.318308e+002 1.929304e+002 6.445233e+001 1.310847e+002 4.419674e+001 6.146985e+001 7.355404e+001 5.807245e+001 4.767756e+001 4.742215e+000 9.693233e+000 7.265508e+000 9.992373e+000 9.509710e+000 5.743235e+000 1.091857e+001 4.752742e+000 5.653997e+000 6.680608e+000 5.582260e+000 4.229970e+000 3.264152e+000
<GCONST> 1.243240e+002
~s "ST_y_3_1"
<MEAN> 25
 -1.097923e-002 -1.619381e+000 8.251080e+000 -1.388178e+001 -4.902315e+000 -4.672566e+000 1.415704e+000 -7.394003e+000 2.082934e+000 3.102315e+000 -2.024936e-001 2.059366e+000 -1.054180e-001 2.491364e-001 2.366623e-001 -2.253594e-001 -2.835858e-001 -1.318800e-001 -4.545965e-002 7.350816e-002 3.427665e-001 3.183414e-001 1.055478e-002 -1.972371e-001 -3.560114e-002
<VARIANCE> 25
 1.216856e+001 4.915593e+001 2.643563e+001 5.145984e+001 4.850397e+001 2.639064e+001 7.780088e+001 3.462636e+001 4.819826e+001 4.768268e+001 2.636903e+001 4.034547e+001 2.560766e-001 2.823406e+000 3.410990e+000 1.947075e+000 3.717383e+000 1.959077e+000 8.346726e+000 3.822776e+000 2.716881e+000 3.939968e+000 1.775783e+000 3.854909e+000 7.177694e-001
<GCONST> 1.002993e+002
~s "ST_y_4_1"
<MEAN> 25
 8.214962e-001 -8.806077e+000 1.128282e+001 6.915212e+000 -7.407807e-002 -9.200693e+000 -9.730367e+000 -6.777831e-002 -7.758700e-001 -9.646123e-001 -1.279094e+000 -7.901734e+000 2.009724e-003 1.233670e-001 -2.019135e-001 -6.855769e-002 7.490226e-002 -1.581543e-001 6.577024e-002 8.427100e-002 1.079064e-001 -7.746805e-002 7.658817e-002 2.743839e-002 -2.394025e-002
<VARIANCE> 25
 1.103471e+001 1.432661e+002 8.896376e+001 1.713866e+002 1.382371e+002 8.753480e+001 8.919373e+001 6.795590e+001 6.919653e+001 6.816213e+001 5.964005e+001 3.866765e+001 2.484180e-001 1.721312e+000 2.926377e+000 4.146487e+000 2.388538e+000 2.537440e+000 4.296490e+000 3.169506e+000 2.772424e+000 4.339110e+000 2.030736e+000 2.822593e+000 7.320716e-001
<GCONST> 1.072389e+002
~s "ST_b_2_1"
<MEAN> 25
 -1.290541e+000 8.958463e-001 7.902336e+000 -3.253610e+000 -9.376648e-001 6.393605e-001 -6.298795e-001 -5.547718e+000 -2.878583e+000 -9.808857e-001 1.888700e+000 9.473622e-001 -2.549606e-001 -1.802279e+000 1.288634e+000 -9.060043e-001 -6.648896e-001 -9.851677e-001 5.695021e-001 -3.559154e-001 -4.981184e-001 7.443739e-001 -3.027183e-001 -4.478796e-001 1.691036e+000
<VARIANCE> 25
 8.241772e+001 1.810082e+002 1.562919e+002 1.451162e+002 9.422443e+001 1.195300e+002 9.508591e+001 1.098498e+002 8.829135e+001 6.993926e+001 7.833048e+001 6.033909e+001 5.044428e+000 1.497029e+001 1.373026e+001 1.526661e+001 8.846866e+000 1.050560e+001 1.014842e+001 1.073847e+001 1.146167e+001 6.033171e+000 8.874437e+000 7.988163e+000 3.377981e+000
<GCONST> 1.299663e+002
~s "ST_b_3_1"
<MEAN> 25
 9.570978e-001 2.363250e+000 1.314928e+001 -8.177788e+000 -1.213257e+001 -5.393745e+000 -3.013637e+000 -9.087403e+000 -3.768671e+000 6.244786e+000 -1.097939e+000 1.312657e+000 -2.188013e-001 -1.888519e-001 -6.011750e-001 -4.060370e-001 -3.435875e-001 -2.697540e-001 4.922152e-001 5.404263e-002 4.233734e-001 3.382451e-001 4.410168e-001 2.457102e-002 6.486575e-001
<VARIANCE> 25
 1.884949e+001 3.868992e+001 5.213562e+001 8.269983e+001 4.718074e+001 1.947850e+001 5.161746e+001 3.495179e+001 3.390842e+001 3.879894e+001 2.785519e+001 6.973590e+001 8.103690e-001 1.724429e+000 5.274014e+000 6.713000e+000 3.043961e+000 2.165061e+000 3.608674e+000 5.777514e+000 2.963629e+000 3.425269e+000 2.812697e+000 3.160325e+000 6.087934e-001
<GCONST> 1.028135e+002
~s "ST_b_4_1"
<MEAN> 25
 2.825280e+000 -1.351379e+001 2.195444e+000 9.800071e-001 3.262750e-001 1.638475e-001 3.601332e-001 -1.843402e+000 -3.422072e+000 2.417844e+000 -1.243660e+000 -2.847749e+000 7.380828e-003 1.587401e-001 -3.485277e-001 -4.280359e-002 4.226073e-001 1.398434e-001 -4.415215e-002 -2.534443e-002 1.267775e-001 -1.214341e-001 4.930709e-002 1.327680e-001 -1.383293e-001
<VARIANCE> 25
 3.891733e+001 1.840459e+002 1.050041e+002 1.570020e+002 1.664935e+002 1.072019e+002 1.946520e+002 8.380347e+001 6.043586e+001 6.735451e+001 5.237436e+001 6.501658e+001 1.571608e+000 4.040997e+000 4.239587e+000 7.347838e+000 8.916721e+000 6.626831e+000 1.003331e+001 6.765174e+000 5.574513e+000 5.824132e+000 4.987366e+000 4.700046e+000 1.588860e+000
<GCONST> 1.211497e+002
~s "ST_r_2_1"
<MEAN> 25
 7.547262e+000 -9.980253e+000 -3.171684e+000 -1.917467e+000 -7.483469e+000 -1.639840e+000 2.955025e+000 2.168800e+000 1.198424e+000 -2.400077e+000 -3.318412e+000 -6.490043e-001 -1.954889e-001 -6.869873e-001 8.587608e-001 2.292042e-001 -8.202911e-001 2.750503e-001 5.070044e-001 5.442917e-001 -6.791708e-001 -1.824586e-002 8.640683e-002 6.267365e-001 9.731136e-002
<VARIANCE> 25
 1.543652e+001 4.103986e+001 3.029519e+001 4.910516e+001 7.088095e+001 2.748276e+001 5.858382e+001 4.408758e+001 4.890523e+001 3.576869e+001 3.394635e+001 3.025698e+001 1.118178e+000 3.121213e+000 2.738817e+000 5.546024e+000 5.124091e+000 3.007379e+000 5.694182e+000 5.098368e+000 3.905345e+000 3.591489e+000 3.275888e+000 3.100110e+000 1.755622e+000
<GCONST> 1.051315e+002
~s "ST_r_3_1"
<MEAN> 25
 3.703398e+000 -1.100515e+001 3.719092e+000 -9.150085e+000 -9.866952e+000 -3.177227e+000 8.705263e+000 1.712400e+000 -5.885006e+000 2.952091e+000 -2.508571e+000 -1.845878e+000 -5.579366e-001 8.017767e-001 4.195277e-001 -6.207775e-001 6.004496e-001 -2.434081e-001 7.033015e-001 -8.648746e-001 -4.651566e-001 6.998065e-001 -1.431836e-001 -9.620151e-002 -1.628525e-001
<VARIANCE> 25
 1.116850e+001 4.248981e+001 3.047912e+001 4.695445e+001 5.749644e+001 2.546331e+001 6.969118e+001 3.821586e+001 3.549925e+001 5.460096e+001 3.080863e+001 1.331617e+001 4.984379e-001 1.060414e+000 8.931264e-001 1.875218e+000 1.620311e+000 1.725435e+000 2.438247e+000 2.229217e+000 3.570192e+000 2.346312e+000 2.386063e+000 2.059521e+000 3.891461e-001
<GCONST> 9.351102e+001
~s "ST_r_4_1"
<MEAN> 25
 4.905935e+000 -1.280868e+001 -6.974195e+000 4.961895e+000 4.002733e+000 -2.526944e+000 2.908124e-001 -1.702305e+000 -2.523107e+000 4.644409e+000 2.536866e+000 -2.855942e+000 -1.822172e-001 8.031171e-001 -1.948139e-001 4.842926e-001 4.314445e-001 4.873702e-002 -3.110672e-001 -3.665477e-001 3.630731e-001 5.997135e-002 -1.404898e-001 1.531126e-001 -6.766618e-001
<VARIANCE> 25
 2.241864e+001 8.973483e+001 9.378004e+001 1.318255e+002 1.125820e+002 4.918299e+001 1.310007e+002 7.012618e+001 6.147226e+001 5.960910e+001 8.968647e+001 4.104639e+001 7.560866e-001 2.702694e+000 2.310122e+000 5.630203e+000 4.863265e+000 3.815774e+000 7.044137e+000 6.137879e+000 2.711138e+000 3.754568e+000 4.561870e+000 2.885047e+000 8.511805e-001
<GCONST> 1.118424e+002
~s "ST_h_2_1"
<MEAN> 25
 -8.731286e-002 5.173844e-001 1.244595e+000 5.406291e+000 -1.738903e-001 1.479810e+000 3.429534e-001 3.164599e+000 1.562049e-001 6.297464e-001 1.907459e+000 -1.603914e+000 -1.234449e-002 -5.945297e-003 2.723282e-002 2.785550e-002 2.779069e-002 5.241780e-002 4.936418e-002 2.989979e-002 3.923626e-002 -1.751967e-002 -3.740971e-002 -1.687498e-002 -1.067927e-003
<VARIANCE> 25
 4.444915e+000 1.112415e+001 6.291192e+000 1.140196e+001 1.001692e+001 1.021877e+001 1.557184e+001 1.364894e+001 1.191969e+001 9.594114e+000 1.221397e+001 1.143337e+001 1.236736e-001 2.645501e-001 3.879015e-001 5.591474e-001 8.831578e-001 1.127228e+000 1.097250e+000 1.522897e+000 1.361218e+000 1.013223e+000 1.174008e+000 1.082097e+000 4.680165e-002
<GCONST> 6.684658e+001
~s "ST_h_3_1"
<MEAN> 25
 -1.419066e+000 -5.088429e+000 -2.819924e+000 3.144648e+000 6.200622e+000 3.667901e+000 1.651289e+000 1.286846e+000 -7.200917e-001 -2.282780e+000 2.753398e+000 1.579721e+000 -2.009487e-001 -1.112825e+000 -9.616585e-001 -3.398733e-002 1.149025e+000 5.432555e-001 4.145831e-001 -1.156163e+000 1.238469e-002 -1.127507e+000 -6.461136e-002 4.565480e-001 8.774211e-001
<VARIANCE> 25
 2.675514e+000 4.865084e+001 1.730075e+001 1.593844e+001 2.112822e+001 1.665121e+001 1.955304e+001 2.059161e+001 1.228880e+001 1.720195e+001 2.394347e+001 1.909951e+001 3.144450e-001 1.941790e+000 1.702287e+000 7.260528e-001 1.405345e+000 1.290718e+000 2.120097e+000 2.416158e+000 1.364614e+000 9.009154e-001 2.954247e+000 2.194721e+000 1.805444e-001
<GCONST> 8.208707e+001
~s "ST_h_4_1"
<MEAN> 25
 8.392517e-001 -3.348849e+000 -2.451020e+000 -3.108102e-002 2.323285e+000 6.351374e-001 -8.819540e-001 -1.627686e+000 -7.766250e-001 -2.428472e+000 -1.805044e+000 1.499264e-002 4.590253e-003 7.315070e-002 2.407033e-002 -4.340672e-002 -6.534570e-002 -1.359226e-002 2.908303e-002 -5.392125e-002 4.869957e-002 1.853374e-002 -3.393635e-002 -3.753149e-002 3.011650e-002
<VARIANCE> 25
 5.876267e+001 2.900630e+001 3.167859e+001 2.130781e+001 2.300314e+001 2.150127e+001 4.081287e+001 4.475127e+001 3.171022e+001 4.031103e+001 3.275847e+001 1.808172e+001 1.334583e+000 8.280645e-001 1.360721e+000 1.393854e+000 1.323982e+000 1.833352e+000 2.055186e+000 2.482418e+000 1.736018e+000 1.541769e+000 2.210571e+000 1.364289e+000 6.068254e-001
<GCONST> 9.199918e+001
~s "ST_hh_2_1"
<MEAN> 25
 7.834417e+000 -5.453993e+000 -5.458014e+000 6.491894e-002 5.817105e-001 -2.809302e+000 -5.973361e+000 3.292834e+000 -1.958970e+000 -5.220476e+000 2.979950e-002 -7.176193e+000 -3.194546e-002 -1.605521e-001 8.243518e-002 1.045580e-001 -2.132796e-001 3.120006e-001 2.766324e-001 7.759292e-002 3.202665e-001 2.754883e-001 -2.443343e-001 -2.252386e-001 4.014387e-003
<VARIANCE> 25
 1.812410e+001 3.627529e+001 6.714394e+001 4.767337e+001 9.163123e+001 1.439054e+002 6.606933e+001 1.293378e+002 6.953128e+001 4.535743e+001 1.149912e+002 6.832294e+001 8.629776e-001 1.784407e+000 3.222335e+000 3.478791e+000 7.764142e+000 1.244156e+001 8.165060e+000 9.187548e+000 7.419498e+000 5.676424e+000 6.686269e+000 4.047142e+000 7.250293e-001
<GCONST> 1.145258e+002
~s "ST_hh_3_1"
<MEAN> 25
 3.561723e+000 -3.162166e+000 -3.624932e+000 2.467059e+000 -3.360980e+000 3.080761e+000 5.695435e+000 -1.877136e+000 1.893343e+000 3.801012e+000 -2.179780e+000 -2.495253e+000 -4.352054e-001 5.986945e-001 -2.116409e-001 -3.114146e-001 4.569003e-001 7.147726e-001 2.983449e-001 3.459527e-001 1.787931e-001 1.451449e-001 6.478978e-001 6.415184e-001 -5.707127e-001
<VARIANCE> 25
 1.443039e+001 1.283146e+002 2.122010e+001 4.378907e+001 4.530938e+001 6.530479e+001 4.290857e+001 5.178045e+001 6.490957e+001 3.298908e+001 4.514978e+001 4.583038e+001 3.846964e-001 1.871966e+000 1.146097e+000 1.971627e+000 1.848126e+000 3.010659e+000 2.132708e+000 1.377266e+000 4.023881e+000 2.731394e+000 2.818727e+000 2.447262e+000 4.311596e-001
<GCONST> 9.807562e+001
~s "ST_k_2_1"
<MEAN> 25
 5.499873e+000 1.912584e+000 -1.369481e+000 -3.204356e+000 -3.578395e+000 -1.542940e+000 -1.896311e+000 -2.232708e+000 -2.427136e+000 -2.962274e+000 -3.418043e+000 -1.659249e+000 -9.467638e-001 9.221107e-001 2.363096e-001 1.490887e+000 -1.453172e-003 2.737727e-001 -2.960991e-001 -9.574287e-002 -1.557564e-001 3.821258e-001 5.996254e-001 2.081991e-001 -1.601095e+000
<VARIANCE> 25
 1.842745e+001 6.693304e+001 3.693887e+001 5.048082e+001 7.034843e+001 3.908581e+001 7.470670e+001 4.649264e+001 5.170868e+001 4.212244e+001 2.489395e+001 2.239778e+001 1.588812e+000 2.443589e+000 2.015036e+000 2.118654e+000 2.921160e+000 2.341491e+000 4.317538e+000 3.113485e+000 2.954728e+000 4.913776e+000 2.302313e+000 2.924370e+000 1.419372e+000
<GCONST> 1.029389e+002
~s "ST_hh_4_1"
<MEAN> 25
 -3.761285e+000 5.224775e+000 6.947154e-001 1.390309e+000 1.080451e+000 1.905275e+000 1.654137e+000 1.870876e+000 2.674941e+000 5.128590e-001 1.079569e+000 1.126518e-001 -1.214729e-001 4.402658e-002 1.381060e-001 5.376043e-002 -9.181264e-002 -4.515029e-002 5.064591e-002 1.312603e-001 1.957640e-001 1.862328e-001 4.881348e-002 -4.066797e-002 -7.859793e-002
<VARIANCE> 25
 1.147746e+001 6.740034e+001 1.067556e+001 1.551884e+001 1.375288e+001 1.562381e+001 1.555919e+001 1.771536e+001 2.528972e+001 2.056139e+001 1.256678e+001 2.705522e+001 1.707353e-001 3.359165e-001 5.769014e-001 6.696386e-001 1.051097e+000 1.072561e+000 9.638771e-001 1.571689e+000 1.523117e+000 1.123646e+000 1.267551e+000 1.225896e+000 8.701382e-002
<GCONST> 7.604187e+001
~s "ST_k_3_1"
<MEAN> 25
 9.840423e-001 -2.216479e+000 -5.360600e+000 -3.751037e-001 -1.004309e-001 -9.125010e-001 2.835978e+000 -4.071092e+000 2.549645e-001 -8.793945e-001 -1.589840e+000 7.782528e-001 -8.809879e-002 -2.117255e+000 -5.335844e-001 4.679317e-001 -1.223581e-002 1.058368e-001 1.581561e+000 -5.446242e-001 1.242831e-001 1.101980e+000 9.264307e-002 -1.049662e-001 1.532405e+000
<VARIANCE> 25
 4.305288e+001 1.679663e+002 5.160864e+001 6.943549e+001 6.990184e+001 6.577941e+001 7.060284e+001 5.236344e+001 8.063789e+001 4.219695e+001 3.987112e+001 5.424832e+001 5.478154e+000 1.273121e+001 3.604958e+000 7.503898e+000 8.807187e+000 7.024107e+000 3.677162e+000 5.534586e+000 8.886465e+000 6.136054e+000 4.146679e+000 6.250505e+000 7.295511e+000
<GCONST> 1.193990e+002
~s "ST_k_4_1"
<MEAN> 25
 1.878233e+000 -3.957588e+000 -5.212811e+000 1.248254e+000 -9.941025e-001 2.907886e+000 4.619256e+000 -3.295361e+000 3.891786e-001 3.846397e+000 -5.886409e-001 -4.009329e-001 -2.127843e-001 1.657690e-001 1.677002e-001 1.778229e-001 2.453842e-001 1.207019e-001 8.452880e-002 3.088820e-001 9.673787e-003 -6.078925e-003 3.235495e-001 2.583348e-001 -2.121128e-001
<VARIANCE> 25
 3.905536e+001 1.841310e+002 4.871969e+001 4.665510e+001 7.174072e+001 2.071227e+001 5.824731e+001 6.714455e+001 2.473424e+001 7.489352e+001 2.508103e+001 3.882677e+001 3.962995e-001 1.016335e+000 8.989193e-001 1.265914e+000 1.570901e+000 1.043940e+000 2.124447e+000 1.760287e+000 1.863241e+000 1.989175e+000 2.034167e+000 1.670800e+000 4.299388e-001
<GCONST> 9.526003e+001
~s "ST_uw_2_1"
<MEAN> 25
 -4.334774e+000 -1.012669e+001 8.003680e+000 -5.679907e+000 3.210215e+000 1.406720e+000 -3.784083e+000 -3.365845e+000 -9.051756e-001 1.867581e+000 2.103493e+000 1.515174e+000 9.996664e-001 -1.668542e+000 -2.541492e-001 -1.166838e+000 8.051714e-003 -2.630565e-001 -4.339497e-001 -5.546337e-001 -6.048443e-001 -1.916338e-001 1.147706e-001 -3.427804e-001 1.726704e+000
<VARIANCE> 25
 6.902503e+001 2.469995e+002 1.532278e+002 9.953072e+001 1.025839e+002 1.169798e+002 6.326443e+001 5.651730e+001 7.385899e+001 5.666457e+001 4.630593e+001 5.506000e+001 6.306625e+000 1.693491e+001 8.921631e+000 1.118319e+001 1.074928e+001 7.303456e+000 8.303286e+000 7.398353e+000 6.852204e+000 6.766483e+000 4.961228e+000 5.501647e+000 5.970770e+000
<GCONST> 1.257658e+002
~s "ST_n_2_1"
<MEAN> 25
 5.228195e+000 2.779839e-002 -1.660506e+000 -3.161891e+000 -3.556523e-002 -1.411790e+000 -1.344740e+000 -9.997094e-001 -4.186664e+000 -5.927677e+000 -1.817080e+000 1.490336e+000 1.931399e-002 1.372886e+000 3.294304e-001 1.084179e+000 -1.255824e-001 -2.106882e-003 -5.488650e-001 -3.561936e-001 1.007670e-001 3.089897e-001 -2.998087e-001 1.400113e-001 -1.150862e+000
<VARIANCE> 25
 2.286515e+001 7.160992e+001 4.227911e+001 7.205391e+001 7.247920e+001 4.613381e+001 4.356253e+001 3.225998e+001 4.219369e+001 4.617297e+001 4.088632e+001 3.626963e+001 6.314681e-001 2.887410e+000 2.173316e+000 4.792461e+000 2.304286e+000 3.613564e+000 2.961195e+000 3.545787e+000 3.002928e+000 2.996210e+000 3.632620e+000 2.039947e+000 1.190662e+000
<GCONST> 1.033979e+002
~s "ST_uw_3_1"
<MEAN> 25
 5.098365e+000 -9.813542e+000 -2.380379e+000 -1.995563e+000 -3.056342e+000 -2.289300e+000 1.842796e+000 1.238615e-001 -5.616346e+000 1.669856e+000 3.059002e-001 -5.016438e+000 2.456240e-001 4.533009e-001 -4.702983e-001 -4.755577e-002 -2.734344e-002 3.478497e-002 3.577062e-001 -2.126359e-001 -1.749724e-001 1.867820e-001 -1.097297e-001 -2.049112e-001 -2.404122e-001
<VARIANCE> 25
 1.815369e+001 1.448195e+002 8.312991e+001 1.067772e+002 1.330593e+002 8.683022e+001 1.443102e+002 1.156490e+002 1.006675e+002 5.552930e+001 6.714069e+001 6.658820e+001 1.527578e+000 5.923721e+000 4.188939e+000 8.744669e+000 7.532922e+000 6.425295e+000 6.749158e+000 8.911591e+000 8.033032e+000 4.552350e+000 5.273053e+000 5.057423e+000 3.050860e+000
<GCONST> 1.208017e+002
~s "ST_n_3_1"
<MEAN> 25
 3.276903e+000 3.825694e+000 8.312957e-001 3.190092e+000 1.072754e+000 -2.054774e+000 -3.260489e+000 -3.346335e+000 -3.378252e+000 -3.854215e+000 -1.157504e+000 1.246670e+000 -3.114412e-001 1.844755e-001 2.152328e-001 3.145508e-001 1.206026e-003 3.460650e-001 1.321798e-001 2.783291e-001 2.209892e-001 2.697798e-001 1.958258e-001 -6.823068e-002 -3.675289e-001
<VARIANCE> 25
 1.348539e+001 2.071900e+001 1.617432e+001 2.824679e+001 3.738083e+001 3.396852e+001 2.446057e+001 2.565862e+001 2.762614e+001 2.296251e+001 2.972328e+001 2.793946e+001 2.451944e-001 4.720150e-001 7.312776e-001 1.058331e+000 1.237591e+000 1.593973e+000 1.496704e+000 1.620329e+000 1.627475e+000 1.741349e+000 1.689787e+000 1.329130e+000 1.371240e-001
<GCONST> 8.348364e+001
~s "ST_uw_4_1"
<MEAN> 25
 5.595912e+000 1.955694e+000 -6.198614e+000 -1.107178e+001 4.137501e+000 -2.882668e+000 -2.513754e+000 -5.758885e+000 -4.061882e+000 4.320925e+000 1.286470e+000 -5.030918e-001 1.531939e-001 5.771891e-001 1.315793e-001 4.274790e-001 -5.848203e-001 3.958151e-001 8.525468e-002 2.509685e-001 -9.239781e-002 -2.961478e-001 -1.220680e-001 1.710502e-001 -7.438796e-001
<VARIANCE> 25
 1.540521e+001 4.072893e+001 6.101794e+001 8.527525e+001 7.444762e+001 6.019398e+001 5.573382e+001 3.667183e+001 5.282708e+001 4.147749e+001 4.277272e+001 4.384005e+001 7.338728e-001 1.401712e+000 1.741189e+000 4.415293e+000 3.482295e+000 3.379058e+000 2.778420e+000 2.757866e+000 3.623168e+000 2.943076e+000 2.771151e+000 2.451303e+000 9.775413e-001
<GCONST> 1.030340e+002
~s "ST_n_4_1"
<MEAN> 25
 -3.608623e+000 4.835909e+000 1.524925e+000 3.023700e+000 2.499951e+000 1.936680e+000 2.318743e+000 3.208806e+000 3.282469e+000 1.845789e+000 2.189698e+000 2.737113e-001 -4.526974e-002 9.537980e-003 3.407447e-002 6.358760e-002 2.567854e-002 3.042070e-003 1.151207e-002 5.162698e-002 7.632231e-002 7.082531e-002 2.372926e-002 -2.572124e-002 -2.159628e-002
<VARIANCE> 25
 1.311717e+001 4.083266e+001 7.562148e+000 2.188433e+001 1.570296e+001 1.475756e+001 2.681665e+001 1.693453e+001 2.033999e+001 2.178891e+001 1.600393e+001 1.489264e+001 1.282998e-001 2.982081e-001 5.088066e-001 6.581699e-001 8.942285e-001 1.216616e+000 1.290831e+000 1.351097e+000 1.535142e+000 1.487075e+000 1.304350e+000 1.234104e+000 5.961848e-002
<GCONST> 7.523578e+001
~s "ST_d_2_1"
<MEAN> 25
 -3.861728e+000 -7.212451e+000 7.110062e+000 -4.008853e+000 5.281698e+000 2.162885e+000 -1.589276e+000 -2.966115e+000 -4.252061e-001 3.033648e+000 6.302656e-002 1.971903e+000 -1.061592e-001 -1.532661e+000 7.094057e-001 1.456441e-001 1.992014e-001 -3.557852e-001 -4.152591e-001 1.244645e-001 -2.377140e-001 1.761556e-001 2.500606e-002 -4.138176e-001 1.134533e+000
<VARIANCE> 25
 1.270495e+002 2.220835e+002 2.628676e+002 1.657659e+002 1.198586e+002 4.925804e+001 1.145744e+002 5.850257e+001 4.919877e+001 6.326491e+001 4.818405e+001 3.997752e+001 3.225514e+000 9.069280e+000 8.130396e+000 1.040422e+001 8.532445e+000 4.654621e+000 9.745460e+000 6.451163e+000 3.774589e+000 6.245505e+000 4.910831e+000 4.729697e+000 3.728708e+000
<GCONST> 1.232351e+002
~s "ST_d_3_1"
<MEAN> 25
 1.431664e+000 -4.077660e+000 3.508302e+000 1.043349e+000 7.829794e-001 -4.763117e+000 -2.230955e+000 -1.317720e-001 -3.485732e+000 1.717530e+000 1.484514e+000 -2.024704e+000 8.597202e-002 -2.044204e+000 9.228123e-001 -1.634584e-001 3.531702e-001 -1.250533e+000 -5.842457e-001 4.195576e-001 -3.718697e-001 -5.414020e-001 -1.665688e-001 -9.406999e-001 1.876734e+000
<VARIANCE> 25
 1.848565e+001 1.334805e+002 7.710493e+001 1.436350e+002 1.311771e+002 8.314507e+001 1.292467e+002 4.871712e+001 6.570970e+001 6.302274e+001 5.135817e+001 5.696211e+001 1.155852e+000 1.543559e+001 9.171049e+000 1.211090e+001 8.891436e+000 1.008472e+001 1.349409e+001 5.867795e+000 7.567611e+000 7.316514e+000 5.220602e+000 3.693795e+000 7.582378e+000
<GCONST> 1.228838e+002
~s "ST_d_4_1"
<MEAN> 25
 -1.268334e+000 -1.310314e+001 1.258299e+001 1.294900e+001 3.200367e+000 -1.366493e+001 -7.557962e+000 9.529150e+000 -1.362740e+000 -1.661130e+000 -6.878716e+000 -5.517362e+000 4.333135e-002 5.416135e-001 -1.068512e-001 -2.269685e-001 -6.390734e-002 -1.840083e-001 -1.570173e-002 -1.152129e-001 -4.328699e-002 3.330173e-002 -9.569044e-002 1.668581e-001 -1.889355e-001
<VARIANCE> 25
 1.040126e+001 1.545420e+002 1.400991e+002 1.112152e+002 1.235528e+002 8.361823e+001 1.170737e+002 8.232465e+001 1.151111e+002 9.036382e+001 5.569912e+001 7.348512e+001 5.240524e-001 3.852583e+000 3.974865e+000 5.353828e+000 3.659555e+000 3.757409e+000 4.831689e+000 4.778953e+000 4.689591e+000 3.807913e+000 3.275649e+000 4.717900e+000 1.541702e+000
<GCONST> 1.145404e+002
~s "ST_d_4_2"
<MEAN> 25
 6.322534e-001 -1.164233e+001 3.837674e+000 1.030629e+000 6.724002e+000 4.122121e+000 -6.953311e+000 -1.006897e-001 -4.238106e+000 1.522077e+000 5.498713e+000 -2.462793e+000 4.529654e-002 1.686652e-001 -2.186513e-001 -3.044176e-001 -1.507459e-002 2.722774e-001 1.521918e-001 -1.831291e-001 1.680399e-001 2.766005e-002 -1.164327e-002 2.342998e-001 -4.173303e-002
<VARIANCE> 25
 2.930883e+001 1.418657e+002 1.985383e+002 1.635509e+002 1.317552e+002 1.839659e+002 9.839659e+001 9.701181e+001 4.993144e+001 6.212018e+001 6.723714e+001 8.568378e+001 6.369214e-001 1.593706e+000 3.062405e+000 4.225142e+000 4.226486e+000 3.817402e+000 6.519835e+000 3.764900e+000 2.992971e+000 4.056090e+000 4.823436e+000 2.711984e+000 6.498678e-001
<GCONST> 1.138193e+002
~s "ST_g_2_1"
<MEAN> 25
 2.598739e+000 2.022132e+000 6.164354e+000 9.401789e+000 -3.093609e+000 -2.908200e+000 -3.566885e+000 1.395213e+000 -2.756670e-001 -2.263096e+000 -4.102569e+000 -2.614158e+000 -9.308869e-002 -8.145159e-001 -4.366525e-001 -2.017828e-001 5.483471e-001 -3.651502e-001 3.468464e-001 9.027638e-002 -6.257042e-001 3.816133e-001 2.665648e-001 -2.427570e-001 6.782719e-001
<VARIANCE> 25
 3.682357e+001 2.191167e+002 7.754387e+001 1.345768e+002 6.694537e+001 7.868318e+001 6.759937e+001 5.607072e+001 5.292522e+001 4.083268e+001 4.365448e+001 3.875516e+001 3.691367e+000 1.078773e+001 6.436691e+000 9.962672e+000 7.455523e+000 4.886329e+000 5.936995e+000 4.239517e+000 4.920270e+000 5.826032e+000 4.620043e+000 3.627942e+000 5.808400e+000
<GCONST> 1.187175e+002
~s "ST_g_3_1"
<MEAN> 25
 2.158725e+000 -4.491017e+000 -4.693485e+000 2.660941e-001 8.874527e+000 6.630421e-002 -2.915251e+000 -6.759691e-001 -5.400312e+000 7.311185e+000 2.662369e+000 -2.122669e+000 2.492734e-001 -7.065938e-001 -7.516088e-001 -3.005806e+000 -9.228680e-002 -7.031876e-001 4.750782e-001 -8.390362e-001 -1.928960e-001 6.988690e-001 7.102297e-001 1.727306e-001 1.993473e+000
<VARIANCE> 25
 3.112989e+001 1.117733e+002 8.978456e+001 7.299205e+001 6.538376e+001 6.371098e+001 7.797573e+001 4.416497e+001 1.142711e+002 1.266281e+002 4.150061e+001 6.830094e+001 3.928037e+000 6.246438e+000 6.487340e+000 9.919159e+000 7.137268e+000 6.368467e+000 8.923153e+000 4.339971e+000 6.751542e+000 1.064324e+001 2.608960e+000 3.668481e+000 4.343779e+000
<GCONST> 1.197376e+002
~s "ST_g_4_1"
<MEAN> 25
 1.483456e+000 -3.287704e-002 1.773932e+000 -1.110070e+001 -7.496440e-001 -2.696338e+000 1.642815e+000 -1.213872e+000 -3.438104e+000 -3.266814e+000 7.233883e-001 -8.401808e-001 6.103510e-001 1.007848e+000 1.071101e+000 -1.476322e+000 -7.406833e-001 -1.364611e+000 -7.381450e-001 -7.974640e-002 -2.957642e-001 -7.506313e-001 -1.803196e+000 -8.025820e-001 8.863946e-001
<VARIANCE> 25
 3.526464e+001 5.396304e+001 5.324624e+001 7.255154e+001 6.132090e+001 3.959684e+001 6.122623e+001 3.720351e+001 4.767203e+001 9.600000e+001 4.842982e+001 3.702249e+001 2.108723e+000 3.170803e+000 2.470658e+000 1.105351e+001 7.475671e+000 2.555388e+000 5.351997e+000 3.267166e+000 5.717770e+000 8.483307e+000 3.515278e+000 3.183092e+000 2.042011e+000
<GCONST> 1.112327e+002
~s "ST_t_2_1"
<MEAN> 25
 7.001639e+000 5.537598e+000 -2.311054e+000 5.944740e+000 -3.406591e+000 2.410941e+000 -4.959099e+000 -2.519737e+000 -5.317103e+000 -3.836526e+000 -3.639473e+000 -9.198383e-001 -6.062876e-001 4.359007e-001 4.596701e-001 1.721719e-002 1.122641e-001 -1.196421e-001 -1.154642e-001 6.638847e-002 -3.905902e-001 -6.036972e-002 -9.259304e-002 -6.940683e-001 -3.969564e-001
<VARIANCE> 25
 4.382034e+001 5.970405e+001 7.288148e+001 4.795516e+001 5.371941e+001 8.392543e+001 4.676036e+001 3.964261e+001 3.959824e+001 3.951907e+001 5.049275e+001 5.467651e+001 1.822415e+000 2.341067e+000 2.227317e+000 2.456863e+000 2.489297e+000 3.919062e+000 3.426647e+000 3.147004e+000 2.581153e+000 4.230522e+000 3.010087e+000 2.863268e+000 2.876362e+000
<GCONST> 1.066004e+002
~s "ST_t_3_1"
<MEAN> 25
 -6.460888e-001 4.353117e-001 2.099603e+000 1.399252e+000 -1.225198e+000 -1.572519e+000 1.397625e-001 1.435597e-001 -2.714339e+000 9.969831e-001 5.624954e-001 -2.138260e+000 -7.193485e-001 -3.196959e+000 1.383553e+000 -2.493466e+000 5.116117e-002 -1.850224e+000 6.115808e-001 -1.140260e-001 -5.762544e-002 9.191127e-001 3.344814e-001 -4.716663e-001 3.856311e+000
<VARIANCE> 25
 2.941559e+001 1.057306e+002 3.772189e+001 5.558212e+001 8.032648e+001 7.088480e+001 6.352167e+001 5.910403e+001 7.045960e+001 5.345677e+001 3.287492e+001 4.330256e+001 3.868814e+000 1.419918e+001 7.485593e+000 8.865655e+000 1.281840e+001 9.848213e+000 1.139553e+001 1.148513e+001 6.539493e+000 8.244854e+000 4.623394e+000 4.189259e+000 8.058585e+000
<GCONST> 1.209617e+002
~s "ST_t_4_1"
<MEAN> 25
 1.642716e-001 -7.272367e+000 8.281280e+000 -2.708114e+000 -2.977910e+000 -3.323548e+000 -2.294355e-001 -2.190985e-001 -4.301160e+000 -9.797543e-002 -1.086001e+000 -3.184686e+000 1.026293e-001 -2.902093e-001 -4.474318e-001 -1.090372e+000 1.758284e-001 -3.043798e-001 1.080566e-002 -8.842319e-002 5.388666e-001 3.159703e-001 -2.035883e-002 2.966544e-001 5.910707e-001
<VARIANCE> 25
 2.013758e+001 1.267482e+002 9.692912e+001 1.110300e+002 1.751056e+002 6.174566e+001 1.562345e+002 6.095779e+001 7.093315e+001 5.149541e+001 5.019090e+001 3.188043e+001 8.813874e-001 2.669759e+000 4.891603e+000 6.369323e+000 4.204659e+000 5.174619e+000 5.465256e+000 3.517352e+000 5.515033e+000 3.961758e+000 3.543370e+000 2.405438e+000 2.793050e+000
<GCONST> 1.136914e+002
~s "ST_ao_2_1"
<MEAN> 25
 6.727559e+000 6.533096e-001 -3.765219e+000 -1.020414e+001 7.898432e-001 -3.237270e+000 8.730458e-001 -2.116436e+000 -5.583944e+000 3.660669e+000 -8.973798e-001 -5.177717e+000 7.152911e-001 -7.003096e-001 2.752497e-001 -2.128706e+000 -1.389718e+000 -7.531549e-001 1.272381e+000 2.443108e-002 2.237521e-001 4.597198e-001 -3.890375e-001 -1.383303e+000 1.218061e+000
<VARIANCE> 25
 1.374124e+001 6.079496e+001 4.884797e+001 5.414438e+001 1.331349e+002 5.336762e+001 1.193184e+002 4.366927e+001 9.947567e+001 7.951234e+001 6.252438e+001 3.122145e+001 1.603942e+000 8.389182e-001 2.618026e+000 6.737233e+000 6.469043e+000 4.360978e+000 1.125351e+001 3.035387e+000 8.810535e+000 4.097722e+000 3.679785e+000 2.467247e+000 8.436543e-001
<GCONST> 1.101947e+002
~s "ST_ao_3_1"
<MEAN> 25
 6.550268e+000 -7.975072e-001 -3.131527e+000 -1.599214e+001 6.373222e-001 -5.025404e+000 3.164573e+000 2.405118e-001 -2.944873e-001 4.644142e+000 -1.199555e+000 -6.840683e+000 8.925474e-002 -6.632132e-001 -3.784796e-001 2.081937e-001 -4.279228e-001 3.200155e-002 4.120463e-001 5.200606e-001 7.239164e-001 -4.853716e-002 2.884954e-001 -3.216416e-001 1.992404e-001
<VARIANCE> 25
 5.021133e+000 2.408334e+001 6.429221e+001 2.261252e+001 5.194733e+001 4.743781e+001 3.881118e+001 1.301498e+002 5.968613e+001 6.013396e+001 3.484596e+001 2.887674e+001 1.434842e-001 2.864911e-001 5.415196e-001 1.704616e+000 9.410429e-001 1.596509e+000 1.774972e+000 1.815998e+000 1.956861e+000 2.392478e+000 1.459977e+000 1.637370e+000 2.212192e-001
<GCONST> 8.867318e+001
~s "ST_ao_4_1"
<MEAN> 25
 1.227566e+001 2.965889e-001 -5.568705e+000 -1.340785e+001 -7.006996e+000 -1.402284e+000 -6.845297e+000 -2.547395e+000 3.362639e+000 1.942010e+000 1.825565e-001 -3.279883e+000 7.295243e-003 -4.336102e-001 -8.245969e-002 7.081574e-001 -3.405754e-001 3.455616e-002 1.089258e-001 2.632691e-002 4.079537e-001 -3.289303e-001 -2.271768e-001 3.310695e-001 -6.862617e-002
<VARIANCE> 25
 1.636604e+001 2.864441e+001 1.783272e+001 4.691179e+001 3.352786e+001 4.829464e+001 7.113351e+001 5.332408e+001 5.355430e+001 3.412238e+001 3.054939e+001 2.694135e+001 1.412557e-001 1.039556e+000 6.596226e-001 2.689914e+000 2.145073e+000 2.193896e+000 1.758663e+000 1.694254e+000 2.288245e+000 2.518375e+000 2.413393e+000 1.466154e+000 1.061872e-001
<GCONST> 9.074890e+001
~s "ST_sil_2_1"
<MEAN> 25
 -1.476136e+001 6.479095e+000 -3.185216e+000 1.084237e+001 -2.408648e+000 7.171300e+000 -4.426379e+000 1.005885e+001 9.424784e+000 4.232492e+000 4.753070e+000 2.094931e+000 -2.218887e-002 3.014205e-002 1.292710e-003 -4.182232e-002 3.720831e-002 6.439644e-002 -4.179206e-002 -3.530498e-002 9.110808e-002 7.199681e-002 3.775473e-002 -7.367408e-002 -1.315603e-002
<VARIANCE> 25
 3.840799e+001 1.441597e+001 2.494773e+001 2.805925e+001 1.876630e+001 1.846944e+001 1.971063e+001 3.351136e+001 3.791554e+001 1.919415e+001 1.927108e+001 1.329062e+001 1.144769e-001 2.427692e-001 3.182644e-001 4.687063e-001 6.038659e-001 7.647397e-001 9.811922e-001 1.226699e+000 1.120924e+000 1.373787e+000 1.160891e+000 1.255882e+000 1.558920e-001
<GCONST> 7.616868e+001
~s "silst"
<MEAN> 25
 -3.462994e-003 -4.095534e-001 -3.665870e+000 2.436258e+000 -1.395384e+000 1.537362e+000 -1.255297e+000 -1.506832e+000 -9.972531e-001 1.231641e-001 -5.267994e-001 9.512833e-001 2.291573e-001 2.926408e-002 1.618275e-001 -4.062855e-001 7.069548e-003 -1.218926e-001 1.208602e-001 -2.217626e-001 -2.600485e-001 -1.272328e-001 -5.645486e-002 2.585473e-002 1.162984e+000
<VARIANCE> 25
 6.922878e+001 1.594567e+002 8.595506e+001 1.104652e+002 6.816581e+001 7.475011e+001 7.350805e+001 6.275793e+001 4.941221e+001 5.343339e+001 3.861165e+001 3.911509e+001 4.196970e+000 4.652866e+000 4.272005e+000 5.223376e+000 4.445391e+000 4.351839e+000 4.307453e+000 4.083782e+000 4.031194e+000 3.880308e+000 3.347508e+000 2.598779e+000 1.064078e+001
<GCONST> 1.157710e+002
~s "ST_sil_3_1"
<MEAN> 25
 5.542938e-002 -8.627418e-001 -3.478499e+000 2.649583e+000 -1.204520e+000 1.380676e+000 -1.068579e+000 -1.573185e+000 -9.388054e-001 2.695163e-001 -6.275256e-001 7.734825e-001 1.759311e-001 8.781984e-002 1.372807e-001 -3.365898e-001 4.159481e-002 -1.372364e-001 1.532401e-001 -1.732385e-001 -2.442866e-001 -1.357740e-001 -4.869342e-002 2.238618e-002 1.040698e+000
<VARIANCE> 25
 6.810020e+001 1.648056e+002 8.786407e+001 1.115594e+002 6.898090e+001 7.597487e+001 7.534138e+001 6.335030e+001 5.071350e+001 5.827739e+001 4.051751e+001 4.006484e+001 4.086326e+000 4.866148e+000 4.227298e+000 5.232997e+000 4.390438e+000 4.556501e+000 4.317760e+000 4.141449e+000 4.240389e+000 4.156229e+000 3.477045e+000 2.731150e+000 1.033603e+001
<GCONST> 1.163037e+002
~s "ST_sil_4_1"
<MEAN> 25
 -3.576148e+000 5.475186e+000 -2.660975e+000 1.485906e+000 -1.762020e+000 3.195205e+000 7.100550e-001 1.493614e+000 6.434441e-001 2.369128e+000 4.459913e-001 2.611945e+000 -8.081450e-003 -4.308459e-003 2.162680e-002 1.819282e-002 3.700883e-003 -1.700135e-002 1.330892e-002 1.407890e-002 8.365686e-003 3.170827e-002 1.852893e-002 -1.041586e-002 1.323136e-002
<VARIANCE> 25
 8.110845e+000 5.153824e+001 2.966422e+001 2.414433e+001 2.524919e+001 1.919404e+001 2.312020e+001 1.679205e+001 2.317083e+001 2.977072e+001 1.421613e+001 1.732065e+001 1.247825e-001 2.713410e-001 5.141003e-001 6.710320e-001 8.502366e-001 1.039277e+000 1.140059e+000 1.209078e+000 1.349224e+000 1.249898e+000 1.220558e+000 1.067706e+000 8.267710e-002
<GCONST> 7.678613e+001
~s "ST_j_2_1"
<MEAN> 25
 8.727983e+000 -1.301355e+001 -3.464021e+000 6.285205e-001 -6.180195e+000 4.112508e+000 -6.451173e+000 -3.291255e+000 -2.470432e+000 -1.598876e+000 3.861819e-002 -2.177315e+000 4.166845e-001 6.752370e-001 -4.188188e-001 5.979816e-001 -7.904335e-001 1.661749e-001 -8.480354e-002 -3.251247e-001 3.219124e-001 1.532663e-001 -3.836814e-001 -1.891493e-001 -6.980448e-001
<VARIANCE> 25
 7.558763e+000 9.415767e+001 1.446516e+001 3.340810e+001 4.292425e+001 1.006770e+001 1.792345e+001 1.476376e+001 2.381909e+001 1.184229e+001 1.500876e+002 1.392667e+001 5.509557e-001 4.443203e-001 2.225112e-001 1.210457e+000 2.131068e+000 1.419902e+000 3.234355e+000 1.159247e+000 2.965342e+000 1.843683e+000 3.676451e+000 1.378047e+000 5.704814e-001
<GCONST> 8.609921e+001
~s "ST_j_3_1"
<MEAN> 25
 4.347062e+000 -9.208067e-001 -5.271716e+000 1.046134e+001 -5.524558e+000 4.101613e+000 -9.047410e-001 -5.835553e+000 -2.392744e+000 2.224078e+000 -4.379169e+000 -4.727282e+000 -9.934843e-001 6.178136e-001 8.392555e-002 7.422171e-002 1.466166e-001 -5.189532e-002 3.702832e-001 5.126126e-001 3.846253e-002 5.132179e-001 6.070065e-001 -4.564942e-001 -1.020453e+000
<VARIANCE> 25
 4.428476e+001 1.076127e+002 7.162588e+001 2.476419e+001 3.347112e+001 4.591089e+001 1.170756e+002 1.797006e+001 1.324498e+001 4.440440e+001 2.119806e+001 3.637850e+001 1.828009e+000 1.146961e+000 2.433039e+000 5.686728e+000 1.510027e+000 3.366663e+000 4.441227e+000 2.177408e+000 1.884492e+000 2.585236e+000 5.747833e+000 3.495003e+000 9.466090e-001
<GCONST> 1.017022e+002
~s "ST_j_4_1"
<MEAN> 25
 -2.983741e-001 7.370880e+000 5.031229e+000 -2.196210e+000 -4.846878e+000 -6.436405e+000 -6.578842e+000 1.987289e+000 -1.015277e+000 5.912031e+000 4.982904e+000 -5.820292e+000 -3.641885e-001 -3.633015e-002 2.023634e-001 -4.922149e-001 1.142556e-001 -8.551108e-002 -2.008934e-001 3.758959e-001 5.987139e-002 1.405993e-001 -1.038048e-002 -6.352776e-002 2.247033e-001
<VARIANCE> 25
 4.654962e+001 7.577977e+001 1.253595e+001 6.170876e+001 5.678709e+001 1.118033e+002 5.698901e+001 3.421433e+001 5.637015e+001 3.139954e+001 3.689068e+001 1.084272e+002 2.948256e+000 4.235542e+000 2.007041e+000 4.220725e+000 5.234325e+000 7.765678e+000 3.486106e+000 6.165251e+000 3.782149e+000 5.047453e+000 2.640394e+000 2.748604e+000 5.877532e+000
<GCONST> 1.110070e+002
~s "ST_w_2_1"
<MEAN> 25
 5.187265e+000 7.515462e+000 9.082665e+000 -1.044780e+001 -2.246472e+000 -4.117093e+000 -5.577390e+000 -1.212083e-001 -8.172906e+000 -1.242281e+000 -5.797429e+000 -1.255274e+000 1.373482e-001 2.493828e-001 -3.732175e-001 -5.516972e-002 -9.058205e-002 -5.580716e-001 4.350255e-002 4.143927e-001 -2.021340e-003 4.975062e-001 3.990076e-001 4.834029e-002 -1.441155e-001
<VARIANCE> 25
 1.818031e+001 1.880056e+001 5.933113e+001 4.073972e+001 3.183545e+001 3.744572e+001 2.705058e+001 4.822615e+001 4.238393e+001 7.610063e+001 4.024174e+001 3.116628e+001 1.699654e-001 3.452437e-001 8.580659e-001 1.293550e+000 1.012005e+000 1.372853e+000 1.532752e+000 1.086599e+000 1.254521e+000 3.043363e+000 1.366093e+000 1.339780e+000 2.829376e-001
<GCONST> 8.783088e+001
~s "ST_w_3_1"
<MEAN> 25
 6.803196e+000 1.089718e+000 5.370297e-001 -1.616953e+001 3.180689e+000 -8.270240e+000 2.700840e-001 3.228315e+000 -5.927615e+000 -1.559124e+000 3.294445e+000 -2.300056e+000 -3.597447e-001 -1.474661e+000 -4.456597e-001 -1.660721e-001 6.628432e-001 6.283730e-001 1.171149e+000 -8.669481e-001 7.333349e-001 -1.748913e-001 1.487115e-001 -5.109473e-001 9.467783e-001
<VARIANCE> 25
 9.763755e+000 4.603194e+001 3.373563e+001 1.866591e+001 4.936471e+001 5.428222e+001 3.513940e+001 5.614694e+001 4.676846e+001 1.133763e+002 3.887276e+001 4.509506e+001 3.672424e-001 2.097749e+000 1.362500e+000 3.329225e+000 1.246180e+000 1.152414e+000 2.653305e+000 1.844969e+000 3.572683e+000 5.226575e+000 7.294130e+000 4.492256e+000 1.232252e+000
<GCONST> 9.985265e+001
~s "ST_w_4_1"
<MEAN> 25
 4.130701e-001 -9.299221e+000 1.475506e+000 -7.488696e+000 8.468178e+000 -4.599427e+000 9.525402e+000 3.935215e+000 -3.014167e+000 -1.050662e+000 6.118073e+000 -4.139752e+000 5.544063e-002 1.119326e-001 1.509156e-002 3.513055e-001 -8.391502e-001 -3.641082e-001 4.674373e-001 -4.910066e-001 -2.714573e-001 5.297531e-001 -1.713889e-001 5.344434e-001 -3.002161e-001
<VARIANCE> 25
 1.506650e+001 8.483179e+001 1.483664e+001 1.262292e+001 5.765811e+001 2.837889e+001 1.067659e+002 5.969088e+001 1.379784e+002 5.032900e+001 6.552360e+001 1.391855e+002 3.317390e-001 1.511720e+000 6.855093e-001 7.945167e-001 2.376149e+000 1.811907e+000 2.064900e+000 2.223763e+000 3.413963e+000 3.447279e+000 3.793224e+000 2.416557e+000 8.562693e-001
<GCONST> 9.866880e+001
~s "ST_ng_2_1"
<MEAN> 25
 3.175447e+000 -4.233616e+000 -3.099373e+000 -3.199320e+000 8.344369e+000 -3.253672e+000 7.125495e-001 -4.132939e+000 2.973865e+000 -5.785642e-001 5.995994e+000 -3.253708e+000 -2.575399e-002 7.111197e-001 3.348637e-001 8.504579e-001 -6.920970e-002 4.363619e-001 -3.676709e-001 2.623538e-001 -6.943600e-002 -1.638049e-001 -4.217071e-001 -1.838696e-001 -7.233210e-001
<VARIANCE> 25
 6.098078e+000 2.893741e+001 1.772847e+001 4.265768e+001 3.892378e+001 4.294658e+001 3.829823e+001 2.467359e+001 3.728210e+001 4.601427e+001 5.449030e+001 2.676874e+001 3.413703e-001 1.613762e+000 1.012840e+000 2.775497e+000 1.902147e+000 1.378775e+000 2.997349e+000 1.911713e+000 2.689064e+000 2.252176e+000 3.707664e+000 1.729736e+000 1.236307e+000
<GCONST> 9.377271e+001
~s "ST_ng_3_1"
<MEAN> 25
 3.164130e+000 3.579057e+000 1.435469e+000 4.469459e+000 3.969342e+000 7.884721e-001 2.693706e-001 -3.458224e+000 -4.016200e+000 -2.999257e+000 -5.444088e+000 -4.346832e+000 -2.706273e-001 1.108853e-001 1.137291e-001 3.064965e-001 -4.055867e-001 1.133192e-001 7.307547e-002 4.841355e-001 2.840483e-001 3.590174e-001 3.541704e-001 3.749770e-001 -4.499170e-001
<VARIANCE> 25
 8.955691e+000 2.941966e+001 1.543099e+001 1.984793e+001 3.290784e+001 1.822709e+001 2.591860e+001 2.328739e+001 2.809108e+001 3.402469e+001 2.679189e+001 3.275092e+001 2.661517e-001 6.935397e-001 6.685501e-001 8.798265e-001 1.080431e+000 1.572639e+000 2.038309e+000 1.552253e+000 1.800161e+000 1.716606e+000 1.936741e+000 1.339015e+000 1.706804e-001
<GCONST> 8.345925e+001
~s "ST_m_2_1"
<MEAN> 25
 5.316853e+000 3.915723e+000 -3.997044e+000 -1.173243e+000 1.870109e+000 3.851124e+000 3.256465e-001 -2.128663e+000 -1.009497e+000 -2.445651e+000 -1.800527e+000 -1.628157e+000 -2.758062e-001 1.713433e+000 9.680877e-001 8.944670e-001 -2.777105e-001 -7.798962e-002 -4.643779e-001 8.650623e-002 -1.549388e-001 -1.135026e-002 -2.280242e-001 1.607035e-001 -1.195181e+000
<VARIANCE> 25
 3.015580e+001 6.754717e+001 3.286064e+001 1.015006e+002 3.483773e+001 5.296928e+001 6.103600e+001 4.156238e+001 4.532252e+001 3.194133e+001 2.961864e+001 2.650161e+001 9.071218e-001 2.193574e+000 2.402811e+000 6.240023e+000 3.312633e+000 3.287440e+000 3.399084e+000 3.420762e+000 3.098073e+000 3.539578e+000 2.434776e+000 2.820991e+000 4.547884e-001
<GCONST> 1.027516e+002
~s "ST_m_2_2"
<MEAN> 25
 1.731297e+000 8.294248e-001 -3.774401e+000 -3.547601e+000 2.736837e+000 3.120409e+000 1.608135e-001 -2.987717e+000 3.534835e-001 3.236585e-001 1.472369e-001 1.015480e+000 -1.068957e-001 4.137820e-001 2.862429e-001 -2.793956e-001 1.541418e-001 2.013193e-001 -1.695686e-001 9.992533e-002 -1.155000e-002 -3.077558e-001 -2.317853e-001 -7.865746e-002 -8.553763e-002
<VARIANCE> 25
 7.751594e+000 7.000099e+001 5.468230e+001 5.082255e+001 6.623341e+001 3.402357e+001 3.279420e+001 2.984056e+001 2.506133e+001 3.606565e+001 2.752279e+001 2.964602e+001 5.066034e-001 1.837319e+000 1.868837e+000 4.402257e+000 2.965568e+000 1.894466e+000 3.302583e+000 2.255207e+000 2.254696e+000 2.196848e+000 1.768579e+000 2.091749e+000 1.009229e+000
<GCONST> 9.697765e+001
~s "ST_ng_4_1"
<MEAN> 25
 -2.906403e+000 6.786103e-001 -1.545834e+000 3.719933e+000 1.361863e+000 1.986966e+000 3.643270e+000 1.309674e+000 1.621009e+000 4.149875e+000 1.761437e+000 1.510762e+000 -8.624069e-002 -3.926518e-002 -8.370356e-002 -5.621991e-002 -1.425170e-002 3.456364e-002 4.283534e-002 5.770889e-002 4.506388e-002 7.544701e-002 2.862668e-002 9.735726e-002 -7.650510e-002
<VARIANCE> 25
 1.128931e+001 1.625745e+001 2.128698e+001 1.088532e+001 1.929178e+001 1.084748e+001 1.829782e+001 2.002081e+001 1.719335e+001 2.079532e+001 1.209563e+001 1.835423e+001 1.336662e-001 3.176233e-001 4.924720e-001 6.902319e-001 8.835902e-001 8.987370e-001 1.118665e+000 1.063207e+000 1.374271e+000 1.273145e+000 1.249787e+000 1.005098e+000 7.876638e-002
<GCONST> 7.308472e+001
~s "ST_ng_4_2"
<MEAN> 25
 -3.733702e-003 4.155647e-001 1.635297e+000 5.502027e+000 9.079551e-001 1.525595e+000 1.196558e-001 2.152180e+000 2.287459e-001 -1.049398e+000 1.403877e+000 -1.464599e-001 -6.282075e-002 3.573191e-002 7.081587e-002 2.158558e-002 -3.875508e-002 1.017256e-002 -2.483271e-002 5.135737e-002 1.326192e-001 9.168229e-002 1.925509e-002 -1.669592e-002 -2.628126e-002
<VARIANCE> 25
 7.165268e+000 4.015181e+000 7.292883e+000 1.048163e+001 9.618031e+000 1.107296e+001 1.813243e+001 1.752228e+001 1.482624e+001 1.629028e+001 1.483801e+001 1.221614e+001 1.544701e-001 2.881855e-001 4.259881e-001 7.198867e-001 9.737493e-001 1.041475e+000 1.224960e+000 1.241382e+000 1.468684e+000 1.448152e+000 1.339388e+000 1.097544e+000 7.151834e-002
<GCONST> 6.940042e+001
~s "ST_m_3_1"
<MEAN> 25
 4.904507e+000 4.441272e+000 1.617041e+000 3.360986e+000 2.070039e+000 -9.387814e-001 -1.443091e+000 -2.035273e+000 -2.961844e+000 -3.887214e+000 -4.449645e+000 -3.852613e+000 -2.323840e-001 1.427492e-001 3.181009e-001 2.934645e-001 -1.788665e-001 1.768102e-002 -1.266871e-002 2.340373e-001 8.998010e-002 1.390442e-001 1.772263e-001 9.895675e-002 -3.017691e-001
<VARIANCE> 25
 1.486379e+001 2.416306e+001 1.551470e+001 3.442927e+001 2.968880e+001 2.381299e+001 4.590219e+001 4.937347e+001 3.409952e+001 2.537898e+001 2.382532e+001 2.212056e+001 1.907996e-001 5.987223e-001 6.820270e-001 1.214646e+000 1.087899e+000 1.008242e+000 1.326191e+000 1.536770e+000 1.510855e+000 1.454899e+000 1.414136e+000 1.233727e+000 1.764747e-001
<GCONST> 8.348508e+001
~s "ST_m_3_2"
<MEAN> 25
 1.786052e+000 5.891696e+000 8.019434e+000 -6.137363e+000 -1.996760e+000 -3.000613e+000 -8.279149e+000 -5.133238e+000 -3.597293e+000 -5.113356e+000 -3.977504e+000 -4.356970e-002 -2.665464e-002 -5.475820e-003 -2.100612e-001 6.269385e-001 2.004818e-001 -8.825330e-002 1.717884e-001 1.867517e-001 1.838254e-001 1.359318e-001 3.009025e-001 -1.119717e-001 -2.894143e-001
<VARIANCE> 25
 1.822182e+001 6.949689e+000 1.925794e+001 1.181910e+002 6.436694e+001 2.199647e+001 4.526566e+001 2.959983e+001 1.941213e+001 2.705389e+001 3.009777e+001 2.320097e+001 1.748286e-001 5.791262e-001 5.945824e-001 1.951456e+000 1.289471e+000 1.503821e+000 1.826800e+000 1.798997e+000 1.552383e+000 2.089993e+000 1.389231e+000 1.195257e+000 2.059894e-001
<GCONST> 8.560131e+001
~s "ST_m_4_1"
<MEAN> 25
 -3.873848e+000 3.448565e+000 6.773730e-001 1.306270e+000 1.331140e+000 1.849642e+000 2.442572e+000 2.752606e+000 3.216905e+000 1.922162e+000 2.257703e+000 5.062333e-001 -2.089895e-002 2.027876e-002 4.632860e-002 9.202694e-003 -5.823625e-003 -2.751488e-003 -1.721378e-002 -3.488823e-002 2.531061e-002 5.208157e-002 8.557117e-003 -3.055948e-002 1.103783e-002
<VARIANCE> 25
 6.138801e+000 5.050211e+001 1.207930e+001 2.269050e+001 1.930468e+001 1.453495e+001 2.293983e+001 1.538798e+001 1.796335e+001 2.331352e+001 1.438038e+001 1.518720e+001 1.153655e-001 2.917570e-001 4.916821e-001 6.809092e-001 1.078500e+000 1.232511e+000 1.266521e+000 1.420652e+000 1.600363e+000 1.795803e+000 1.410075e+000 1.132810e+000 4.693975e-002
<GCONST> 7.507548e+001
~s "ST_m_4_2"
<MEAN> 25
 -6.630729e-001 5.948014e+000 1.883129e+000 2.914263e+000 -3.107245e-001 1.446570e+000 -6.623278e-001 2.709369e+000 1.737045e+000 -1.043598e+000 5.993564e-001 5.727997e-001 -5.857442e-002 2.158071e-002 9.001181e-002 3.263396e-002 -5.624646e-002 -1.996523e-002 -8.316968e-003 3.630242e-002 5.777767e-002 5.246034e-002 3.018099e-002 1.804912e-002 -4.203753e-002
<VARIANCE> 25
 9.822172e+000 5.408268e+001 1.122428e+001 3.480385e+001 1.581823e+001 1.675355e+001 2.293422e+001 1.603493e+001 2.000375e+001 2.169880e+001 1.654226e+001 1.724750e+001 1.377530e-001 3.032373e-001 6.223737e-001 8.070579e-001 1.006028e+000 1.226884e+000 1.346948e+000 1.362830e+000 1.483654e+000 1.560677e+000 1.294686e+000 1.203031e+000 6.035466e-002
<GCONST> 7.683283e+001
~s "ST_m_4_3"
<MEAN> 25
 -1.074984e+000 1.330004e+000 1.819296e+000 5.232943e+000 5.068362e-001 8.968807e-001 1.054222e+000 2.519731e+000 2.499074e-001 3.819440e-001 8.794666e-001 -8.053381e-001 -9.779008e-003 1.491991e-002 -9.943257e-003 5.604641e-002 2.857637e-002 3.395612e-002 1.031556e-001 4.683354e-002 7.520971e-002 3.373684e-002 3.355083e-002 3.402789e-003 -3.765694e-002
<VARIANCE> 25
 1.118915e+001 5.817594e+000 6.371403e+000 9.542278e+000 1.490758e+001 1.311049e+001 1.871434e+001 1.683621e+001 2.071649e+001 2.037759e+001 1.396033e+001 1.168180e+001 1.284123e-001 2.598369e-001 4.322793e-001 7.304919e-001 8.517286e-001 1.240310e+000 1.080427e+000 1.292291e+000 1.396868e+000 1.385697e+000 1.208232e+000 1.133179e+000 4.648849e-002
<GCONST> 7.013982e+001
~s "ST_c_2_1"
<MEAN> 25
 3.351895e-008 6.868748e-009 -8.012638e-008 -5.171843e-009 5.659957e-008 3.127444e-008 -1.897019e-008 -3.787276e-008 -2.190428e-009 -1.042481e-007 5.105589e-008 -4.266601e-008 9.338440e-003 5.151767e-003 1.071485e-002 -4.624357e-003 4.757588e-003 -1.562855e-004 6.065580e-003 -2.663599e-003 -1.184148e-003 -7.597569e-004 -2.750245e-003 -3.096818e-003 3.171694e-002
<VARIANCE> 25
 4.493839e+001 1.140073e+002 6.386908e+001 8.517533e+001 5.555016e+001 4.948111e+001 6.410268e+001 5.053800e+001 4.916899e+001 4.841446e+001 3.746964e+001 3.443018e+001 1.058399e+000 2.394540e+000 2.004006e+000 3.105449e+000 2.635025e+000 2.534516e+000 3.119964e+000 2.812881e+000 2.677968e+000 2.755787e+000 2.419358e+000 2.075167e+000 1.645589e+000
<GCONST> 1.049692e+002
~s "ST_c_3_1"
<MEAN> 25
 3.351895e-008 6.868748e-009 -8.012638e-008 -5.171843e-009 5.659957e-008 3.127444e-008 -1.897019e-008 -3.787276e-008 -2.190428e-009 -1.042481e-007 5.105589e-008 -4.266601e-008 9.338440e-003 5.151767e-003 1.071485e-002 -4.624357e-003 4.757588e-003 -1.562855e-004 6.065580e-003 -2.663599e-003 -1.184148e-003 -7.597569e-004 -2.750245e-003 -3.096818e-003 3.171694e-002
<VARIANCE> 25
 4.493839e+001 1.140073e+002 6.386908e+001 8.517533e+001 5.555016e+001 4.948111e+001 6.410268e+001 5.053800e+001 4.916899e+001 4.841446e+001 3.746964e+001 3.443018e+001 1.058399e+000 2.394540e+000 2.004006e+000 3.105449e+000 2.635025e+000 2.534516e+000 3.119964e+000 2.812881e+000 2.677968e+000 2.755787e+000 2.419358e+000 2.075167e+000 1.645589e+000
<GCONST> 1.049692e+002
~s "ST_eh_2_1"
<MEAN> 25
 1.852229e+000 -1.970003e+000 -1.775295e+000 -3.415997e+000 -1.340759e+000 -2.576373e+000 3.109053e+000 -6.592625e-001 -5.507255e-001 1.666717e+000 -7.116144e-001 -1.014977e+000 1.216961e+000 -4.959322e-001 -1.824443e-001 -8.266740e-001 -1.777371e-001 -5.611359e-001 -5.022149e-001 -1.886263e-001 -3.198085e-001 -7.494861e-001 -6.765553e-001 -2.802888e-002 1.198441e+000
<VARIANCE> 25
 3.695037e+001 4.325419e+001 3.529416e+001 4.274354e+001 4.764750e+001 3.992587e+001 6.518504e+001 3.615849e+001 7.318021e+001 5.129040e+001 5.581715e+001 2.905486e+001 4.238721e+000 4.519095e+000 3.355679e+000 5.333171e+000 4.652678e+000 3.828213e+000 6.358898e+000 3.395501e+000 5.781186e+000 4.546769e+000 5.435077e+000 3.124095e+000 5.332082e+000
<GCONST> 1.111443e+002
~s "ST_c_4_1"
<MEAN> 25
 3.351895e-008 6.868748e-009 -8.012638e-008 -5.171843e-009 5.659957e-008 3.127444e-008 -1.897019e-008 -3.787276e-008 -2.190428e-009 -1.042481e-007 5.105589e-008 -4.266601e-008 9.338440e-003 5.151767e-003 1.071485e-002 -4.624357e-003 4.757588e-003 -1.562855e-004 6.065580e-003 -2.663599e-003 -1.184148e-003 -7.597569e-004 -2.750245e-003 -3.096818e-003 3.171694e-002
<VARIANCE> 25
 4.493839e+001 1.140073e+002 6.386908e+001 8.517533e+001 5.555016e+001 4.948111e+001 6.410268e+001 5.053800e+001 4.916899e+001 4.841446e+001 3.746964e+001 3.443018e+001 1.058399e+000 2.394540e+000 2.004006e+000 3.105449e+000 2.635025e+000 2.534516e+000 3.119964e+000 2.812881e+000 2.677968e+000 2.755787e+000 2.419358e+000 2.075167e+000 1.645589e+000
<GCONST> 1.049692e+002
~s "ST_eh_3_1"
<MEAN> 25
 5.131343e+000 -3.430018e+000 -1.856620e+000 -6.703705e+000 -3.008815e+000 -3.214143e+000 4.822863e+000 -1.757190e+000 -4.069042e+000 -1.170830e+000 -2.606537e+000 -1.873666e+000 3.742529e-001 1.676086e-002 -1.232012e-001 6.846655e-001 2.489285e-001 1.938640e-001 -7.190809e-001 -3.565590e-003 -3.156679e-001 -3.817138e-001 2.120887e-001 3.599258e-001 -1.830313e-001
<VARIANCE> 25
 2.902668e+001 5.105536e+001 7.166465e+001 5.172182e+001 6.996369e+001 5.098932e+001 8.322801e+001 5.402324e+001 5.741819e+001 4.372598e+001 4.488076e+001 3.556536e+001 1.316896e+000 3.811321e+000 1.813126e+000 3.499476e+000 2.970496e+000 3.410489e+000 3.338171e+000 6.565413e+000 3.754494e+000 3.901799e+000 3.054680e+000 2.565230e+000 3.148293e+000
<GCONST> 1.080139e+002
~s "ST_eh_4_1"
<MEAN> 25
 7.682549e+000 -3.076108e+000 -1.763774e+000 -3.517048e+000 -3.978247e+000 -4.189407e+000 -2.609948e+000 -1.782267e+000 -2.671675e+000 -5.957055e+000 -3.900111e+000 2.071448e+000 -3.679717e-001 6.740526e-001 -2.379268e-002 5.965586e-001 1.747932e-001 1.520400e-001 -1.654448e-001 -2.892362e-001 2.588403e-002 1.983204e-001 6.782734e-001 -3.200725e-001 -4.984107e-001
<VARIANCE> 25
 1.760908e+001 6.703633e+001 3.456833e+001 3.719048e+001 5.057182e+001 6.782037e+001 4.426109e+001 4.979519e+001 3.119996e+001 4.245107e+001 3.798778e+001 2.844777e+001 1.190906e+000 2.195774e+000 1.154063e+000 1.793904e+000 2.642359e+000 3.326071e+000 2.602344e+000 2.717159e+000 1.998314e+000 2.474892e+000 1.867003e+000 2.650780e+000 7.198187e-001
<GCONST> 9.887928e+001
~s "ST_p_2_1"
<MEAN> 25
 1.817723e+000 7.391509e-001 -2.987835e+000 -1.841590e+000 -1.989965e-001 2.162383e-001 2.265686e-002 1.579620e+000 7.575580e-001 1.140287e+000 1.459612e-001 -3.672909e-001 2.688750e-001 -1.359947e+000 -2.696846e-001 -1.193169e+000 6.285218e-001 -6.302800e-003 9.330517e-001 -1.236356e-001 -8.588129e-002 -2.600575e-001 -2.836465e-001 -6.303474e-002 1.798102e+000
<VARIANCE> 25
 3.971496e+001 8.980716e+001 3.752067e+001 7.455964e+001 3.914738e+001 4.043802e+001 6.318053e+001 4.717398e+001 4.369664e+001 4.479168e+001 4.011802e+001 2.421053e+001 4.755268e+000 5.638719e+000 2.988885e+000 6.839735e+000 3.830450e+000 4.559496e+000 4.795829e+000 6.047714e+000 4.672651e+000 5.530455e+000 3.748196e+000 3.622188e+000 9.134307e+000
<GCONST> 1.124942e+002
~s "ST_p_3_1"
<MEAN> 25
 1.347221e+000 -1.853670e-001 -3.592154e+000 -3.456512e+000 1.199873e+000 -3.976073e-001 6.119142e-001 -7.030597e-001 -5.184861e-001 -3.889242e+000 -9.920529e-001 2.806609e+000 -3.418224e-001 2.896061e-001 2.539068e-001 4.778371e-001 -1.100190e-002 2.246282e-002 9.104626e-002 2.081316e-001 1.256729e-001 1.764988e-001 1.924165e-001 4.841911e-002 -3.509316e-001
<VARIANCE> 25
 2.058938e+001 1.330201e+002 1.865439e+001 3.139923e+001 2.576489e+001 2.735856e+001 4.328112e+001 2.722000e+001 2.798353e+001 2.819263e+001 2.645444e+001 2.301858e+001 3.698401e-001 8.237022e-001 9.648754e-001 1.431388e+000 1.210262e+000 1.760215e+000 1.946269e+000 1.861003e+000 1.546265e+000 1.643955e+000 1.677002e+000 1.565047e+000 3.969886e-001
<GCONST> 8.909876e+001
~s "ST_p_4_1"
<MEAN> 25
 -1.405203e+000 1.590484e+000 1.440400e+000 4.681379e+000 -1.252884e-001 1.245117e+000 3.072762e+000 2.518249e+000 2.171858e+000 1.973579e+000 2.311587e+000 8.872528e-002 -5.038606e-002 -4.010685e-002 2.155979e-002 1.055057e-001 9.713049e-003 3.365245e-002 3.466454e-002 6.385525e-002 6.014335e-002 -3.111172e-002 -6.295358e-002 1.874745e-002 -4.585023e-002
<VARIANCE> 25
 1.148125e+001 9.382568e+000 7.247289e+000 1.290521e+001 1.211402e+001 1.460411e+001 1.698826e+001 1.472026e+001 1.590150e+001 1.539700e+001 1.310340e+001 1.005101e+001 1.588899e-001 3.031527e-001 5.705673e-001 8.643906e-001 1.058864e+000 1.000259e+000 1.306654e+000 1.578362e+000 1.413661e+000 1.583309e+000 1.182298e+000 9.449890e-001 5.602840e-002
<GCONST> 7.131937e+001
~s "ST_p_4_2"
<MEAN> 25
 -5.056084e+000 1.340536e+000 8.799089e-001 2.883960e+000 2.658574e+000 2.127234e+000 4.387318e+000 3.194278e+000 3.727740e+000 3.651485e+000 3.182890e+000 -3.764350e-001 -4.631649e-002 1.344094e-002 1.945185e-002 1.449468e-002 -5.083308e-003 1.021517e-003 1.241265e-002 4.169845e-002 5.853846e-002 9.464090e-002 4.660777e-002 -2.816888e-002 -1.128851e-002
<VARIANCE> 25
 3.985944e+000 9.580017e+000 7.338470e+000 7.587680e+000 9.884199e+000 1.140722e+001 1.286747e+001 1.338747e+001 1.381362e+001 1.680660e+001 1.171107e+001 1.224735e+001 1.370886e-001 3.011361e-001 5.470926e-001 6.594592e-001 8.924063e-001 1.002119e+000 1.141841e+000 1.208620e+000 1.338210e+000 1.504458e+000 1.281327e+000 1.114293e+000 5.529187e-002
<GCONST> 6.806087e+001
~s "ST_ih_2_1"
<MEAN> 25
 1.175412e+000 6.759204e+000 1.117680e+001 -6.278585e+000 -4.088383e+000 -3.962861e+000 -5.949857e+000 -5.809028e+000 9.147025e-001 -1.045728e+000 -4.290203e+000 -1.011742e+000 -3.504077e-002 1.707491e-001 4.114991e-001 -7.914881e-002 1.139472e-001 -3.068732e-001 -4.995536e-001 1.566120e-001 2.000700e-001 -3.461652e-001 -2.002398e-001 6.560388e-002 -6.202086e-002
<VARIANCE> 25
 2.381586e+001 7.506084e+001 6.901324e+001 1.692735e+002 7.271594e+001 4.959207e+001 5.042258e+001 6.564950e+001 5.621167e+001 4.232411e+001 3.016109e+001 4.200513e+001 1.601827e+000 2.537790e+000 3.859971e+000 8.097270e+000 4.441439e+000 3.845654e+000 3.862647e+000 4.673161e+000 4.696498e+000 4.318015e+000 3.254384e+000 2.875226e+000 2.056287e+000
<GCONST> 1.105578e+002
~s "ST_ih_3_1"
<MEAN> 25
 -1.655319e+000 9.884791e+000 3.714734e+000 -2.934317e+000 -4.429766e-001 -9.627925e-001 -3.277399e+000 1.194312e+000 1.911188e+000 -1.686226e+000 -4.532350e-001 1.699641e+000 -2.242704e-002 -1.943530e-003 6.023400e-002 2.313659e-001 3.641617e-002 -4.641730e-002 -1.052786e-001 7.464513e-002 7.978061e-002 -1.653489e-002 6.291909e-002 -6.481483e-002 -1.092722e-001
<VARIANCE> 25
 8.371764e+000 6.314339e+001 2.583402e+001 6.005825e+001 1.962074e+001 2.919993e+001 3.066040e+001 2.691185e+001 2.893681e+001 2.513327e+001 1.844447e+001 2.123201e+001 2.444441e-001 4.677362e-001 1.027947e+000 1.659643e+000 1.421032e+000 1.747121e+000 1.797499e+000 1.977641e+000 1.947838e+000 1.783107e+000 1.478578e+000 1.379677e+000 1.686060e-001
<GCONST> 8.591109e+001
~s "ST_ih_3_2"
<MEAN> 25
 -3.711504e+000 1.385029e+001 7.270336e+000 -6.092996e+000 -2.253479e+000 -4.139438e+000 -5.286674e+000 -2.450792e-001 3.180129e+000 1.620961e+000 -2.244995e+000 4.578405e+000 -3.254302e-002 -2.709835e-002 8.665802e-002 -2.164326e-001 2.289014e-001 -4.807578e-002 -4.493353e-002 9.760369e-002 6.676197e-002 2.172604e-001 2.038151e-001 1.037810e-001 1.791589e-002
<VARIANCE> 25
 5.282713e+000 5.475090e+001 2.471541e+001 3.804155e+001 1.832864e+001 1.768002e+001 1.474410e+001 2.186484e+001 4.453559e+001 2.963925e+001 2.752662e+001 2.305941e+001 1.336839e-001 2.781903e-001 6.564529e-001 1.324659e+000 1.479304e+000 1.277657e+000 1.244408e+000 1.618883e+000 1.536209e+000 1.697109e+000 1.649164e+000 1.383249e+000 9.317236e-002
<GCONST> 8.097066e+001
~s "ST_ih_4_1"
<MEAN> 25
 1.628712e-001 2.631120e+000 6.718294e+000 1.054741e+000 3.468859e+000 -5.659172e+000 -7.967390e+000 -2.083518e+000 1.556912e+000 -3.876785e+000 -4.251416e-001 -1.507465e+000 3.926380e-002 -1.347807e-001 -8.443595e-001 -3.302313e-001 1.087773e-001 3.313096e-001 3.644888e-001 -2.085678e-001 6.111712e-002 4.202752e-001 7.011867e-001 1.622708e-001 -6.965864e-002
<VARIANCE> 25
 1.248450e+001 7.001417e+001 1.143740e+002 1.003041e+002 5.891013e+001 9.262138e+001 5.437287e+001 5.932838e+001 4.691335e+001 6.719052e+001 4.353720e+001 5.707735e+001 6.286674e-001 1.157313e+000 1.974637e+000 3.082324e+000 1.858126e+000 2.615582e+000 2.882839e+000 2.509854e+000 2.142946e+000 3.029918e+000 3.084684e+000 2.227692e+000 5.356384e-001
<GCONST> 1.028470e+002
~s "ST_ih_4_2"
<MEAN> 25
 -8.161984e-001 -4.389359e+000 1.426386e+001 9.829967e+000 3.506785e+000 -1.139337e+001 -8.883934e+000 4.249340e+000 3.933507e+000 -1.103674e+001 -2.000737e+000 -4.281400e+000 1.930142e-001 2.128496e-001 -4.525970e-003 1.936112e-001 3.867728e-002 -2.932443e-002 -2.114800e-002 -8.020002e-002 1.476581e-001 1.685663e-002 -3.353714e-002 3.465753e-002 4.683266e-003
<VARIANCE> 25
 1.154619e+001 6.237232e+001 6.172065e+001 5.353004e+001 7.040462e+001 3.746060e+001 6.921766e+001 6.968554e+001 3.365855e+001 4.054095e+001 2.312921e+001 2.508909e+001 8.287345e-001 3.736128e+000 4.453915e+000 3.026057e+000 1.878826e+000 4.356965e+000 5.566179e+000 3.193201e+000 2.392969e+000 3.225029e+000 2.035993e+000 2.029611e+000 1.106371e+000
<GCONST> 1.028450e+002
~s "ST_ih_4_3"
<MEAN> 25
 -8.900338e-001 -1.332760e+000 1.017778e+001 8.855824e+000 5.264012e+000 -7.314258e+000 -7.116927e+000 7.253251e+000 5.427299e+000 -7.097092e+000 -1.949530e+000 -6.055579e-001 -3.523613e-002 1.195088e-001 -1.013198e+000 -1.809041e-001 -3.659560e-001 4.880847e-001 4.837646e-001 -1.476517e-001 -2.469785e-001 6.683488e-001 4.143767e-002 2.707338e-001 -5.678969e-001
<VARIANCE> 25
 5.359052e+000 2.028149e+001 5.383600e+001 1.861511e+001 1.749244e+001 4.098699e+001 3.807313e+001 3.746929e+001 1.936941e+001 5.311378e+001 1.961616e+001 1.693357e+001 1.772339e-001 5.710943e-001 9.147766e-001 8.468269e-001 7.592269e-001 1.181714e+000 1.980894e+000 2.638979e+000 1.392768e+000 2.104932e+000 1.050481e+000 9.969010e-001 1.474403e-001
<GCONST> 8.233219e+001
~h "t+aa"
<BEGINHMM>
<NUMSTATES> 5
<STATE> 2
~s "ST_t_2_1"
<STATE> 3
~s "ST_t_3_1"
<STATE> 4
~s "ST_t_4_1"
~t "T_t"
<ENDHMM>
~h "b"
<BEGINHMM>
<NUMSTATES> 5
<STATE> 2
~s "ST_b_2_1"
<STATE> 3
~s "ST_b_3_1"
<STATE> 4
~s "ST_b_4_1"
~t "T_b"
<ENDHMM>
~h "c"
<BEGINHMM>
<NUMSTATES> 5
<STATE> 2
~s "ST_c_2_1"
<STATE> 3
~s "ST_c_3_1"
<STATE> 4
~s "ST_c_4_1"
~t "T_c"
<ENDHMM>
~h "d"
<BEGINHMM>
<NUMSTATES> 5
<STATE> 2
~s "ST_d_2_1"
<STATE> 3
~s "ST_d_3_1"
<STATE> 4
~s "ST_d_4_1"
~t "T_d"
<ENDHMM>
~h "g"
<BEGINHMM>
<NUMSTATES> 5
<STATE> 2
~s "ST_g_2_1"
<STATE> 3
~s "ST_g_3_1"
<STATE> 4
~s "ST_g_4_1"
~t "T_g"
<ENDHMM>
~h "h"
<BEGINHMM>
<NUMSTATES> 5
<STATE> 2
~s "ST_h_2_1"
<STATE> 3
~s "ST_h_3_1"
<STATE> 4
~s "ST_h_4_1"
~t "T_h"
<ENDHMM>
~h "j"
<BEGINHMM>
<NUMSTATES> 5
<STATE> 2
~s "ST_j_2_1"
<STATE> 3
~s "ST_j_3_1"
<STATE> 4
~s "ST_j_4_1"
~t "T_j"
<ENDHMM>
~h "k"
<BEGINHMM>
<NUMSTATES> 5
<STATE> 2
~s "ST_k_2_1"
<STATE> 3
~s "ST_k_3_1"
<STATE> 4
~s "ST_k_4_1"
~t "T_k"
<ENDHMM>
~h "l"
<BEGINHMM>
<NUMSTATES> 5
<STATE> 2
~s "ST_l_2_1"
<STATE> 3
~s "ST_l_3_1"
<STATE> 4
~s "ST_l_4_1"
~t "T_l"
<ENDHMM>
~h "m"
<BEGINHMM>
<NUMSTATES> 5
<STATE> 2
~s "ST_m_2_1"
<STATE> 3
~s "ST_m_3_1"
<STATE> 4
~s "ST_m_4_1"
~t "T_m"
<ENDHMM>
~h "n"
<BEGINHMM>
<NUMSTATES> 5
<STATE> 2
~s "ST_n_2_1"
<STATE> 3
~s "ST_n_3_1"
<STATE> 4
~s "ST_n_4_1"
~t "T_n"
<ENDHMM>
~h "p"
<BEGINHMM>
<NUMSTATES> 5
<STATE> 2
~s "ST_p_2_1"
<STATE> 3
~s "ST_p_3_1"
<STATE> 4
~s "ST_p_4_1"
~t "T_p"
<ENDHMM>
~h "r"
<BEGINHMM>
<NUMSTATES> 5
<STATE> 2
~s "ST_r_2_1"
<STATE> 3
~s "ST_r_3_1"
<STATE> 4
~s "ST_r_4_1"
~t "T_r"
<ENDHMM>
~h "s"
<BEGINHMM>
<NUMSTATES> 5
<STATE> 2
~s "ST_s_2_1"
<STATE> 3
~s "ST_s_3_1"
<STATE> 4
~s "ST_s_4_1"
~t "T_s"
<ENDHMM>
~h "w"
<BEGINHMM>
<NUMSTATES> 5
<STATE> 2
~s "ST_w_2_1"
<STATE> 3
~s "ST_w_3_1"
<STATE> 4
~s "ST_w_4_1"
~t "T_w"
<ENDHMM>
~h "y"
<BEGINHMM>
<NUMSTATES> 5
<STATE> 2
~s "ST_y_2_1"
<STATE> 3
~s "ST_y_3_1"
<STATE> 4
~s "ST_y_4_1"
~t "T_y"
<ENDHMM>
~h "t-ih"
<BEGINHMM>
<NUMSTATES> 5
<STATE> 2
~s "ST_ih_2_1"
<STATE> 3
~s "ST_ih_3_1"
<STATE> 4
~s "ST_ih_4_1"
~t "T_ih"
<ENDHMM>
~h "d-eh+l"
<BEGINHMM>
<NUMSTATES> 5
<STATE> 2
~s "ST_eh_2_1"
<STATE> 3
~s "ST_eh_3_1"
<STATE> 4
~s "ST_eh_4_1"
~t "T_eh"
<ENDHMM>
~h "t-uw"
<BEGINHMM>
<NUMSTATES> 5
<STATE> 2
~s "ST_uw_2_1"
<STATE> 3
~s "ST_uw_3_1"
<STATE> 4
~s "ST_uw_4_1"
~t "T_uw"
<ENDHMM>
~h "aa"
<BEGINHMM>
<NUMSTATES> 5
<STATE> 2
~s "ST_aa_2_1"
<STATE> 3
~s "ST_aa_3_1"
<STATE> 4
~s "ST_aa_4_1"
~t "T_aa"
<ENDHMM>
~h "ao"
<BEGINHMM>
<NUMSTATES> 5
<STATE> 2
~s "ST_ao_2_1"
<STATE> 3
~s "ST_ao_3_1"
<STATE> 4
~s "ST_ao_4_1"
~t "T_ao"
<ENDHMM>
~h "hh"
<BEGINHMM>
<NUMSTATES> 5
<STATE> 2
~s "ST_hh_2_1"
<STATE> 3
~s "ST_hh_3_1"
<STATE> 4
~s "ST_hh_4_1"
~t "T_hh"
<ENDHMM>
~h "ng"
<BEGINHMM>
<NUMSTATES> 5
<STATE> 2
~s "ST_ng_2_1"
<STATE> 3
~s "ST_ng_3_1"
<STATE> 4
~s "ST_ng_4_1"
~t "T_ng"
<ENDHMM>
~h "oh"
<BEGINHMM>
<NUMSTATES> 5
<STATE> 2
~s "ST_oh_2_1"
<STATE> 3
~s "ST_oh_3_1"
<STATE> 4
~s "ST_oh_4_1"
~t "T_oh"
<ENDHMM>
~h "sp"
<BEGINHMM>
<NUMSTATES> 3
<STATE> 2
~s "ST_sil_3_1"
<TRANSP> 3
 0.000000e+000 1.670679e-001 8.329321e-001
 0.000000e+000 8.427271e-001 1.572729e-001
 0.000000e+000 0.000000e+000 0.000000e+000
<ENDHMM>
~h "aa-ng"
<BEGINHMM>
<NUMSTATES> 5
<STATE> 2
~s "ST_ng_2_1"
<STATE> 3
~s "ST_ng_3_1"
<STATE> 4
~s "ST_ng_4_2"
~t "T_ng"
<ENDHMM>
~h "ih-s+aa"
<BEGINHMM>
<NUMSTATES> 5
<STATE> 2
~s "ST_s_2_2"
<STATE> 3
~s "ST_s_3_1"
<STATE> 4
~s "ST_s_4_1"
~t "T_s"
<ENDHMM>
~h "d+aa"
<BEGINHMM>
<NUMSTATES> 5
<STATE> 2
~s "ST_d_2_1"
<STATE> 3
~s "ST_d_3_1"
<STATE> 4
~s "ST_d_4_2"
~t "T_d"
<ENDHMM>
~h "aa-l+aa"
<BEGINHMM>
<NUMSTATES> 5
<STATE> 2
~s "ST_l_2_1"
<STATE> 3
~s "ST_l_3_1"
<STATE> 4
~s "ST_l_4_2"
~t "T_l"
<ENDHMM>
~h "k-aa+l"
<BEGINHMM>
<NUMSTATES> 5
<STATE> 2
~s "ST_aa_2_1"
<STATE> 3
~s "ST_aa_3_1"
<STATE> 4
~s "ST_aa_4_3"
~t "T_aa"
<ENDHMM>
~h "k-aa+n"
<BEGINHMM>
<NUMSTATES> 5
<STATE> 2
~s "ST_aa_2_1"
<STATE> 3
~s "ST_aa_3_1"
<STATE> 4
~s "ST_aa_4_2"
~t "T_aa"
<ENDHMM>
~h "m+aa"
<BEGINHMM>
<NUMSTATES> 5
<STATE> 2
~s "ST_m_2_2"
<STATE> 3
~s "ST_m_3_1"
<STATE> 4
~s "ST_m_4_1"
~t "T_m"
<ENDHMM>
~h "m+ih"
<BEGINHMM>
<NUMSTATES> 5
<STATE> 2
~s "ST_m_2_2"
<STATE> 3
~s "ST_m_3_2"
<STATE> 4
~s "ST_m_4_3"
~t "T_m"
<ENDHMM>
~h "s-ih+y"
<BEGINHMM>
<NUMSTATES> 5
<STATE> 2
~s "ST_ih_2_1"
<STATE> 3
~s "ST_ih_3_2"
<STATE> 4
~s "ST_ih_4_1"
~t "T_ih"
<ENDHMM>
~h "y-aa+ng"
<BEGINHMM>
<NUMSTATES> 5
<STATE> 2
~s "ST_aa_2_2"
<STATE> 3
~s "ST_aa_3_1"
<STATE> 4
~s "ST_aa_4_2"
~t "T_aa"
<ENDHMM>
~h "n-ih"
<BEGINHMM>
<NUMSTATES> 5
<STATE> 2
~s "ST_ih_2_1"
<STATE> 3
~s "ST_ih_3_1"
<STATE> 4
~s "ST_ih_4_3"
~t "T_ih"
<ENDHMM>
~h "ih-m+aa"
<BEGINHMM>
<NUMSTATES> 5
<STATE> 2
~s "ST_m_2_2"
<STATE> 3
~s "ST_m_3_1"
<STATE> 4
~s "ST_m_4_2"
~t "T_m"
<ENDHMM>
~h "eh-p+uw"
<BEGINHMM>
<NUMSTATES> 5
<STATE> 2
~s "ST_p_2_1"
<STATE> 3
~s "ST_p_3_1"
<STATE> 4
~s "ST_p_4_2"
~t "T_p"
<ENDHMM>
~h "sil"
<BEGINHMM>
<NUMSTATES> 5
<STATE> 2
~s "ST_sil_2_1"
<STATE> 3
~s "ST_sil_3_1"
<STATE> 4
~s "ST_sil_4_1"
<TRANSP> 5
 0.000000e+000 1.000000e+000 0.000000e+000 0.000000e+000 0.000000e+000
 0.000000e+000 8.638760e-001 7.728333e-002 5.884067e-002 0.000000e+000
 0.000000e+000 0.000000e+000 9.088309e-001 9.116907e-002 0.000000e+000
 0.000000e+000 9.140096e-003 0.000000e+000 9.589963e-001 3.186357e-002
 0.000000e+000 0.000000e+000 0.000000e+000 0.000000e+000 0.000000e+000
<ENDHMM>
~h "y-aa"
<BEGINHMM>
<NUMSTATES> 5
<STATE> 2
~s "ST_aa_2_2"
<STATE> 3
~s "ST_aa_3_1"
<STATE> 4
~s "ST_aa_4_1"
~t "T_aa"
<ENDHMM>
~h "ng-ih+n"
<BEGINHMM>
<NUMSTATES> 5
<STATE> 2
~s "ST_ih_2_1"
<STATE> 3
~s "ST_ih_3_1"
<STATE> 4
~s "ST_ih_4_2"
~t "T_ih"
<ENDHMM>
~h "eh-m+b"
<BEGINHMM>
<NUMSTATES> 5
<STATE> 2
~s "ST_m_2_1"
<STATE> 3
~s "ST_m_3_1"
<STATE> 4
~s "ST_m_4_2"
~t "T_m"
<ENDHMM>
