~o
<STREAMINFO> 1 25
<VECSIZE> 25<NULLD><MFCC_D_N_Z_0><DIAGC>
~t "T_b"
<TRANSP> 5
 0.000000e+000 1.000000e+000 0.000000e+000 0.000000e+000 0.000000e+000
 0.000000e+000 7.045522e-001 2.954479e-001 0.000000e+000 0.000000e+000
 0.000000e+000 0.000000e+000 7.744588e-001 2.255412e-001 0.000000e+000
 0.000000e+000 0.000000e+000 0.000000e+000 9.173979e-001 8.260216e-002
 0.000000e+000 0.000000e+000 0.000000e+000 0.000000e+000 0.000000e+000
~t "T_c"
<TRANSP> 5
 0.000000e+000 1.000000e+000 0.000000e+000 0.000000e+000 0.000000e+000
 0.000000e+000 6.000000e-001 4.000000e-001 0.000000e+000 0.000000e+000
 0.000000e+000 0.000000e+000 6.000000e-001 4.000000e-001 0.000000e+000
 0.000000e+000 0.000000e+000 0.000000e+000 7.000000e-001 3.000000e-001
 0.000000e+000 0.000000e+000 0.000000e+000 0.000000e+000 0.000000e+000
~t "T_d"
<TRANSP> 5
 0.000000e+000 1.000000e+000 0.000000e+000 0.000000e+000 0.000000e+000
 0.000000e+000 7.164630e-001 2.835370e-001 0.000000e+000 0.000000e+000
 0.000000e+000 0.000000e+000 6.511615e-001 3.488385e-001 0.000000e+000
 0.000000e+000 0.000000e+000 0.000000e+000 8.899627e-001 1.100373e-001
 0.000000e+000 0.000000e+000 0.000000e+000 0.000000e+000 0.000000e+000
~t "T_g"
<TRANSP> 5
 0.000000e+000 1.000000e+000 0.000000e+000 0.000000e+000 0.000000e+000
 0.000000e+000 7.651712e-001 2.348288e-001 0.000000e+000 0.000000e+000
 0.000000e+000 0.000000e+000 6.017168e-001 3.982832e-001 0.000000e+000
 0.000000e+000 0.000000e+000 0.000000e+000 5.385510e-001 4.614490e-001
 0.000000e+000 0.000000e+000 0.000000e+000 0.000000e+000 0.000000e+000
~t "T_h"
<TRANSP> 5
 0.000000e+000 1.000000e+000 0.000000e+000 0.000000e+000 0.000000e+000
 0.000000e+000 9.553837e-001 4.461634e-002 0.000000e+000 0.000000e+000
 0.000000e+000 0.000000e+000 7.931022e-001 2.068978e-001 0.000000e+000
 0.000000e+000 0.000000e+000 0.000000e+000 9.502986e-001 4.970141e-002
 0.000000e+000 0.000000e+000 0.000000e+000 0.000000e+000 0.000000e+000
~t "T_j"
<TRANSP> 5
 0.000000e+000 1.000000e+000 0.000000e+000 0.000000e+000 0.000000e+000
 0.000000e+000 8.654414e-001 1.345586e-001 0.000000e+000 0.000000e+000
 0.000000e+000 0.000000e+000 8.650253e-001 1.349747e-001 0.000000e+000
 0.000000e+000 0.000000e+000 0.000000e+000 9.191944e-001 8.080561e-002
 0.000000e+000 0.000000e+000 0.000000e+000 0.000000e+000 0.000000e+000
~t "T_k"
<TRANSP> 5
 0.000000e+000 1.000000e+000 0.000000e+000 0.000000e+000 0.000000e+000
 0.000000e+000 7.924966e-001 2.075034e-001 0.000000e+000 0.000000e+000
 0.000000e+000 0.000000e+000 6.845955e-001 3.154046e-001 0.000000e+000
 0.000000e+000 0.000000e+000 0.000000e+000 9.414790e-001 5.852101e-002
 0.000000e+000 0.000000e+000 0.000000e+000 0.000000e+000 0.000000e+000
~t "T_l"
<TRANSP> 5
 0.000000e+000 1.000000e+000 0.000000e+000 0.000000e+000 0.000000e+000
 0.000000e+000 7.975126e-001 2.024874e-001 0.000000e+000 0.000000e+000
 0.000000e+000 0.000000e+000 7.156955e-001 2.843045e-001 0.000000e+000
 0.000000e+000 0.000000e+000 0.000000e+000 9.093321e-001 9.066793e-002
 0.000000e+000 0.000000e+000 0.000000e+000 0.000000e+000 0.000000e+000
~t "T_m"
<TRANSP> 5
 0.000000e+000 1.000000e+000 0.000000e+000 0.000000e+000 0.000000e+000
 0.000000e+000 7.730950e-001 2.269050e-001 0.000000e+000 0.000000e+000
 0.000000e+000 0.000000e+000 7.948686e-001 2.051314e-001 0.000000e+000
 0.000000e+000 0.000000e+000 0.000000e+000 9.471111e-001 5.288890e-002
 0.000000e+000 0.000000e+000 0.000000e+000 0.000000e+000 0.000000e+000
~t "T_n"
<TRANSP> 5
 0.000000e+000 1.000000e+000 0.000000e+000 0.000000e+000 0.000000e+000
 0.000000e+000 7.134315e-001 2.865685e-001 0.000000e+000 0.000000e+000
 0.000000e+000 0.000000e+000 8.187646e-001 1.812354e-001 0.000000e+000
 0.000000e+000 0.000000e+000 0.000000e+000 9.327212e-001 6.727885e-002
 0.000000e+000 0.000000e+000 0.000000e+000 0.000000e+000 0.000000e+000
~t "T_o"
<TRANSP> 5
 0.000000e+000 1.000000e+000 0.000000e+000 0.000000e+000 0.000000e+000
 0.000000e+000 6.000000e-001 4.000000e-001 0.000000e+000 0.000000e+000
 0.000000e+000 0.000000e+000 6.000000e-001 4.000000e-001 0.000000e+000
 0.000000e+000 0.000000e+000 0.000000e+000 7.000000e-001 3.000000e-001
 0.000000e+000 0.000000e+000 0.000000e+000 0.000000e+000 0.000000e+000
~t "T_p"
<TRANSP> 5
 0.000000e+000 1.000000e+000 0.000000e+000 0.000000e+000 0.000000e+000
 0.000000e+000 7.358124e-001 2.641876e-001 0.000000e+000 0.000000e+000
 0.000000e+000 0.000000e+000 8.569340e-001 1.430660e-001 0.000000e+000
 0.000000e+000 0.000000e+000 0.000000e+000 9.530764e-001 4.692363e-002
 0.000000e+000 0.000000e+000 0.000000e+000 0.000000e+000 0.000000e+000
~t "T_r"
<TRANSP> 5
 0.000000e+000 1.000000e+000 0.000000e+000 0.000000e+000 0.000000e+000
 0.000000e+000 8.070641e-001 1.929359e-001 0.000000e+000 0.000000e+000
 0.000000e+000 0.000000e+000 7.906920e-001 2.093080e-001 0.000000e+000
 0.000000e+000 0.000000e+000 0.000000e+000 8.055924e-001 1.944076e-001
 0.000000e+000 0.000000e+000 0.000000e+000 0.000000e+000 0.000000e+000
~t "T_s"
<TRANSP> 5
 0.000000e+000 1.000000e+000 0.000000e+000 0.000000e+000 0.000000e+000
 0.000000e+000 8.845547e-001 1.154453e-001 0.000000e+000 0.000000e+000
 0.000000e+000 0.000000e+000 6.754391e-001 3.245609e-001 0.000000e+000
 0.000000e+000 0.000000e+000 0.000000e+000 8.676505e-001 1.323495e-001
 0.000000e+000 0.000000e+000 0.000000e+000 0.000000e+000 0.000000e+000
~t "T_t"
<TRANSP> 5
 0.000000e+000 1.000000e+000 0.000000e+000 0.000000e+000 0.000000e+000
 0.000000e+000 6.414557e-001 3.585443e-001 0.000000e+000 0.000000e+000
 0.000000e+000 0.000000e+000 4.535794e-001 5.464206e-001 0.000000e+000
 0.000000e+000 0.000000e+000 0.000000e+000 8.143481e-001 1.856519e-001
 0.000000e+000 0.000000e+000 0.000000e+000 0.000000e+000 0.000000e+000
~t "T_w"
<TRANSP> 5
 0.000000e+000 1.000000e+000 0.000000e+000 0.000000e+000 0.000000e+000
 0.000000e+000 8.829912e-001 1.170088e-001 0.000000e+000 0.000000e+000
 0.000000e+000 0.000000e+000 8.247999e-001 1.752001e-001 0.000000e+000
 0.000000e+000 0.000000e+000 0.000000e+000 9.402766e-001 5.972339e-002
 0.000000e+000 0.000000e+000 0.000000e+000 0.000000e+000 0.000000e+000
~t "T_y"
<TRANSP> 5
 0.000000e+000 1.000000e+000 0.000000e+000 0.000000e+000 0.000000e+000
 0.000000e+000 6.114118e-001 3.885882e-001 0.000000e+000 0.000000e+000
 0.000000e+000 0.000000e+000 8.180273e-001 1.819727e-001 0.000000e+000
 0.000000e+000 0.000000e+000 0.000000e+000 8.132455e-001 1.867545e-001
 0.000000e+000 0.000000e+000 0.000000e+000 0.000000e+000 0.000000e+000
~t "T_aa"
<TRANSP> 5
 0.000000e+000 1.000000e+000 0.000000e+000 0.000000e+000 0.000000e+000
 0.000000e+000 7.582362e-001 2.417638e-001 0.000000e+000 0.000000e+000
 0.000000e+000 0.000000e+000 8.362521e-001 1.637479e-001 0.000000e+000
 0.000000e+000 0.000000e+000 0.000000e+000 8.151973e-001 1.848027e-001
 0.000000e+000 0.000000e+000 0.000000e+000 0.000000e+000 0.000000e+000
~t "T_ao"
<TRANSP> 5
 0.000000e+000 1.000000e+000 0.000000e+000 0.000000e+000 0.000000e+000
 0.000000e+000 5.260656e-001 4.739344e-001 0.000000e+000 0.000000e+000
 0.000000e+000 0.000000e+000 8.149181e-001 1.850819e-001 0.000000e+000
 0.000000e+000 0.000000e+000 0.000000e+000 7.793125e-001 2.206875e-001
 0.000000e+000 0.000000e+000 0.000000e+000 0.000000e+000 0.000000e+000
~t "T_eh"
<TRANSP> 5
 0.000000e+000 1.000000e+000 0.000000e+000 0.000000e+000 0.000000e+000
 0.000000e+000 6.972412e-001 3.027588e-001 0.000000e+000 0.000000e+000
 0.000000e+000 0.000000e+000 6.025773e-001 3.974227e-001 0.000000e+000
 0.000000e+000 0.000000e+000 0.000000e+000 7.670029e-001 2.329971e-001
 0.000000e+000 0.000000e+000 0.000000e+000 0.000000e+000 0.000000e+000
~t "T_hh"
<TRANSP> 5
 0.000000e+000 1.000000e+000 0.000000e+000 0.000000e+000 0.000000e+000
 0.000000e+000 8.298832e-001 1.701168e-001 0.000000e+000 0.000000e+000
 0.000000e+000 0.000000e+000 8.728325e-001 1.271675e-001 0.000000e+000
 0.000000e+000 0.000000e+000 0.000000e+000 9.607292e-001 3.927076e-002
 0.000000e+000 0.000000e+000 0.000000e+000 0.000000e+000 0.000000e+000
~t "T_ih"
<TRANSP> 5
 0.000000e+000 1.000000e+000 0.000000e+000 0.000000e+000 0.000000e+000
 0.000000e+000 8.140612e-001 1.859388e-001 0.000000e+000 0.000000e+000
 0.000000e+000 0.000000e+000 8.812582e-001 1.187418e-001 0.000000e+000
 0.000000e+000 0.000000e+000 0.000000e+000 7.699540e-001 2.300460e-001
 0.000000e+000 0.000000e+000 0.000000e+000 0.000000e+000 0.000000e+000
~t "T_ng"
<TRANSP> 5
 0.000000e+000 1.000000e+000 0.000000e+000 0.000000e+000 0.000000e+000
 0.000000e+000 8.222992e-001 1.777008e-001 0.000000e+000 0.000000e+000
 0.000000e+000 0.000000e+000 8.054852e-001 1.945148e-001 0.000000e+000
 0.000000e+000 0.000000e+000 0.000000e+000 9.385152e-001 6.148474e-002
 0.000000e+000 0.000000e+000 0.000000e+000 0.000000e+000 0.000000e+000
~t "T_oh"
<TRANSP> 5
 0.000000e+000 1.000000e+000 0.000000e+000 0.000000e+000 0.000000e+000
 0.000000e+000 9.589098e-001 4.109016e-002 0.000000e+000 0.000000e+000
 0.000000e+000 0.000000e+000 7.694172e-001 2.305828e-001 0.000000e+000
 0.000000e+000 0.000000e+000 0.000000e+000 7.793899e-001 2.206101e-001
 0.000000e+000 0.000000e+000 0.000000e+000 0.000000e+000 0.000000e+000
~t "T_uw"
<TRANSP> 5
 0.000000e+000 1.000000e+000 0.000000e+000 0.000000e+000 0.000000e+000
 0.000000e+000 7.171810e-001 2.828190e-001 0.000000e+000 0.000000e+000
 0.000000e+000 0.000000e+000 8.112476e-001 1.887524e-001 0.000000e+000
 0.000000e+000 0.000000e+000 0.000000e+000 8.558065e-001 1.441935e-001
 0.000000e+000 0.000000e+000 0.000000e+000 0.000000e+000 0.000000e+000
~s "ST_aa_2_1"
<MEAN> 25
 2.229565e+000 -3.457430e+000 -6.218671e-001 -1.066817e+000 6.163951e-002 -2.152712e+000 1.232773e-001 -1.367015e+000 -9.397964e-002 -7.337160e-001 -1.067114e+000 -3.986723e-001 9.131137e-001 -1.950282e+000 -1.147588e+000 -1.022245e+000 4.405164e-001 1.815595e-002 6.630073e-001 -3.683397e-001 -4.288955e-001 -5.631355e-001 -3.276778e-001 -8.764859e-002 1.732878e+000
<VARIANCE> 25
 2.908682e+001 1.170708e+002 5.372229e+001 9.115487e+001 6.887828e+001 5.535025e+001 1.036812e+002 5.905173e+001 5.769891e+001 5.982347e+001 5.193042e+001 3.854464e+001 2.380257e+000 6.353664e+000 4.112643e+000 6.551503e+000 6.313601e+000 5.400712e+000 7.845162e+000 6.876715e+000 5.248034e+000 6.030341e+000 5.057571e+000 3.516704e+000 3.150409e+000
<GCONST> 1.162984e+002
~s "ST_aa_2_2"
<MEAN> 25
 3.993576e+000 -1.712941e+000 -3.786289e+000 -1.531314e+000 -3.458531e+000 -4.423196e+000 2.086429e+000 2.036824e+000 -3.787764e+000 -3.925883e+000 -1.575290e+000 2.020320e+000 2.415683e+000 -2.557852e+000 -8.946133e-001 -1.461591e+000 9.789709e-001 -1.538909e-001 1.748473e-003 -1.917759e-001 -1.700897e+000 -2.273136e+000 -2.071349e+000 7.481986e-001 2.325823e+000
<VARIANCE> 25
 5.873394e+001 5.527483e+001 3.469115e+001 5.619404e+001 2.705692e+001 2.846565e+001 5.240533e+001 3.405942e+001 4.902805e+001 4.792461e+001 6.317990e+001 3.390185e+001 3.672668e+000 3.932700e+000 2.874156e+000 3.931563e+000 4.002182e+000 4.764832e+000 4.712865e+000 5.193808e+000 3.624666e+000 4.750797e+000 5.527470e+000 3.589404e+000 4.386849e+000
<GCONST> 1.097261e+002
~s "ST_aa_2_3"
<MEAN> 25
 3.799489e+000 -9.118876e+000 1.350732e+000 -9.210057e+000 -3.583616e+000 -5.088054e+000 3.270588e+000 -1.930979e+000 -6.163236e-001 3.781179e-001 1.040751e+000 -1.045377e+000 7.648454e-001 -1.918244e+000 -2.463102e+000 3.515218e-001 1.480785e+000 1.049707e+000 1.223844e+000 5.262738e-001 -2.603762e-001 -1.604572e+000 -2.233650e-001 3.189884e-001 5.363668e-001
<VARIANCE> 25
 2.686920e+001 9.111349e+001 3.820028e+001 7.309719e+001 1.143384e+002 3.644313e+001 1.222342e+002 3.373209e+001 6.723583e+001 5.064166e+001 6.838913e+001 2.575919e+001 4.226426e-001 2.722862e+000 1.469093e+000 5.406805e+000 9.486755e+000 3.482460e+000 6.351376e+000 4.217829e+000 2.972073e+000 4.970509e+000 4.131959e+000 3.044129e+000 9.822319e-001
<GCONST> 1.081561e+002
~s "ST_aa_3_1"
<MEAN> 25
 4.671304e+000 -1.292023e+001 -6.567929e+000 -3.649125e+000 2.918688e+000 5.568709e-001 6.856555e+000 -3.805732e+000 -1.163553e+000 -1.386885e+000 -1.358110e+000 -1.570046e-001 2.641695e-001 3.084935e-001 -1.218927e-001 4.441092e-001 1.621838e-001 2.541049e-001 -4.015733e-001 -2.400689e-002 -3.088385e-001 -2.138128e-001 -1.620870e-001 8.323752e-002 -4.708801e-001
<VARIANCE> 25
 2.259701e+001 5.923449e+001 3.361125e+001 7.984493e+001 6.339919e+001 4.052449e+001 6.288787e+001 4.611292e+001 4.950546e+001 5.161799e+001 4.673035e+001 3.796619e+001 8.484526e-001 1.938606e+000 1.629444e+000 2.484329e+000 2.873071e+000 2.243817e+000 3.494110e+000 2.940779e+000 2.407540e+000 2.579288e+000 2.566008e+000 2.143764e+000 1.290471e+000
<GCONST> 1.020673e+002
~s "ST_aa_3_2"
<MEAN> 25
 5.786860e+000 -1.531137e+001 -5.940096e+000 8.840773e-001 2.997553e-001 1.600923e-001 6.450436e+000 -4.995406e-001 -2.844571e+000 2.819764e-001 -1.546893e+000 -2.282205e+000 8.806042e-002 1.965813e-001 -1.710981e-001 1.607093e-001 -7.942956e-003 2.514044e-001 -1.627883e-001 -1.337800e-001 5.857042e-002 -2.340766e-001 -1.955225e-001 1.137108e-001 -2.651287e-001
<VARIANCE> 25
 1.863665e+001 7.762614e+001 3.502663e+001 8.062642e+001 9.471683e+001 3.713604e+001 9.020835e+001 6.166256e+001 5.040051e+001 5.954678e+001 5.678167e+001 3.675301e+001 6.312724e-001 2.338705e+000 1.513620e+000 3.093784e+000 2.123245e+000 2.044785e+000 2.764756e+000 3.275497e+000 2.522059e+000 2.846149e+000 3.054170e+000 1.655758e+000 1.251258e+000
<GCONST> 1.030305e+002
~s "ST_aa_4_1"
<MEAN> 25
 9.766154e+000 -8.612753e+000 -6.370858e+000 -3.154391e+000 -7.240918e-001 -4.444631e+000 -4.422287e+000 -7.897666e-001 -6.342935e+000 -1.042473e+001 -6.500536e+000 2.750152e+000 -1.196178e-001 2.798008e-001 2.755393e-001 9.859782e-002 -4.721164e-001 -7.151730e-002 -3.398834e-001 -8.399576e-002 -8.353873e-003 -3.250112e-001 4.163895e-001 -1.091032e-001 -3.469806e-001
<VARIANCE> 25
 9.621592e+000 4.493524e+001 1.991914e+001 3.391886e+001 2.469251e+001 3.163138e+001 2.537444e+001 3.118428e+001 2.194946e+001 2.948232e+001 3.814265e+001 3.328961e+001 1.962430e-001 8.289955e-001 6.077403e-001 5.557371e-001 1.419188e+000 1.315951e+000 1.387366e+000 1.783543e+000 1.337665e+000 1.678581e+000 1.284337e+000 1.531159e+000 2.150525e-001
<GCONST> 8.406274e+001
~s "ST_aa_4_2"
<MEAN> 25
 8.211536e+000 -1.036143e+001 -4.205796e+000 -5.052463e+000 5.823826e-001 -2.983217e+000 4.315296e-001 -1.425039e+000 -6.154266e+000 -6.511694e+000 -4.136948e+000 2.038979e+000 -1.030621e-001 5.630542e-001 6.700426e-001 -1.778094e-001 -1.203797e+000 -4.220517e-001 3.152057e-001 1.001295e-001 -2.426292e-001 5.419844e-001 2.746319e-001 -6.002579e-001 -1.950117e-001
<VARIANCE> 25
 2.217551e+001 5.295675e+001 3.176487e+001 3.329165e+001 4.839287e+001 1.693271e+001 9.248340e+001 4.689565e+001 5.320334e+001 4.351553e+001 5.424454e+001 2.454886e+001 1.694515e-001 7.636070e-001 1.570698e+000 1.450129e+000 3.320206e+000 1.643281e+000 1.618773e+000 1.566437e+000 1.480865e+000 2.357021e+000 1.312240e+000 1.009979e+000 9.185395e-002
<GCONST> 9.055363e+001
~s "ST_aa_4_3"
<MEAN> 25
 7.645395e+000 -7.083630e+000 -5.737456e+000 -3.157075e+000 8.431030e-001 -1.225643e+000 -1.922687e+000 -1.848193e+000 -4.694273e+000 -7.489974e+000 -3.938372e+000 2.021821e+000 -1.603391e-001 6.597704e-001 1.008123e-001 2.959686e-001 -1.122466e-001 -2.917105e-002 -2.796578e-001 2.195305e-002 3.387030e-002 -1.069550e-001 1.314314e-001 -6.228404e-002 -5.685567e-001
<VARIANCE> 25
 2.112481e+001 4.523361e+001 2.666310e+001 5.230212e+001 3.913911e+001 3.895615e+001 5.879687e+001 2.939624e+001 3.740689e+001 4.228012e+001 5.212175e+001 2.684886e+001 3.727598e-001 1.363245e+000 1.027802e+000 1.299030e+000 1.983226e+000 1.732364e+000 1.914763e+000 1.936558e+000 1.415892e+000 1.968446e+000 2.068115e+000 1.524524e+000 3.890792e-001
<GCONST> 9.283018e+001
~s "ST_aa_4_4"
<MEAN> 25
 1.226689e+001 -5.976731e+000 -9.532104e+000 -5.050545e+000 1.459992e+000 -7.222613e-001 -8.932789e+000 -9.073554e-001 -4.038406e+000 -8.909543e+000 -6.914079e+000 -1.597878e+000 -9.102408e-002 3.657190e-001 1.217920e-001 -4.742966e-002 -2.204008e-001 -1.633819e-001 3.315960e-002 -2.375250e-001 -1.431075e-001 -9.951819e-002 -1.934406e-002 -7.275558e-003 -2.399311e-001
<VARIANCE> 25
 1.059605e+001 2.639402e+001 2.214174e+001 2.386232e+001 2.874948e+001 2.226471e+001 5.679052e+001 3.071152e+001 2.414509e+001 2.082642e+001 2.220398e+001 1.629381e+001 1.927539e-001 1.399424e+000 6.147413e-001 1.020687e+000 1.176577e+000 1.245773e+000 1.288218e+000 1.295424e+000 1.737381e+000 1.291102e+000 1.211843e+000 1.204214e+000 2.712154e-001
<GCONST> 8.288641e+001
~s "ST_s_2_1"
<MEAN> 25
 -8.519679e+000 6.635295e+000 -1.495587e+000 7.264238e-001 4.667177e+000 -1.133338e+000 3.916998e+000 3.503869e+000 -1.010765e-002 2.947658e+000 2.177945e+000 6.770008e-001 -4.157058e-001 2.090735e-001 -1.688674e-001 -1.197185e-001 6.215602e-002 -2.616158e-001 5.591387e-002 7.217861e-002 -7.740388e-002 2.607038e-001 1.010713e-001 -5.270098e-003 3.054985e-001
<VARIANCE> 25
 2.975204e+001 4.297878e+001 1.414279e+001 3.570979e+001 1.696269e+001 3.048753e+001 2.393944e+001 4.057557e+001 4.846726e+001 2.591427e+001 2.383798e+001 1.727800e+001 8.962604e-001 9.641380e-001 1.066708e+000 1.465278e+000 1.561954e+000 1.956090e+000 1.619971e+000 2.163629e+000 2.373404e+000 1.920281e+000 1.877585e+000 1.293965e+000 2.785685e-001
<GCONST> 8.940665e+001
~s "ST_s_2_2"
<MEAN> 25
 -6.633838e+000 2.586487e+000 -3.461841e+000 4.630830e+000 -1.179388e+000 6.539490e-001 4.212603e+000 1.021002e+000 -1.428189e+000 1.095678e+000 3.057096e+000 -7.369775e-001 -5.408789e-001 2.848583e-002 -2.426668e-001 1.237676e-001 -3.481766e-002 2.380533e-001 2.760038e-001 8.140694e-002 1.518159e-001 3.846297e-001 3.450420e-001 1.352832e-001 6.604470e-002
<VARIANCE> 25
 2.371043e+001 3.537252e+001 2.321163e+001 3.818502e+001 1.629530e+001 2.089806e+001 3.298131e+001 2.624895e+001 3.957631e+001 3.174090e+001 2.121837e+001 2.282575e+001 1.169608e+000 1.483456e+000 1.238913e+000 1.232065e+000 1.338900e+000 1.779696e+000 1.896896e+000 1.914492e+000 2.161393e+000 2.059198e+000 1.598825e+000 1.640949e+000 3.732948e-001
<GCONST> 8.998273e+001
~s "ST_s_3_1"
<MEAN> 25
 -1.088747e+001 -5.330250e+000 8.293952e+000 -7.629336e+000 -2.460783e+000 4.350312e+000 2.760601e+000 -4.711170e+000 3.159522e+000 2.743638e+000 4.788077e+000 1.346902e+000 9.641060e-002 -5.475190e-001 7.366703e-001 -7.187675e-001 -3.712671e-001 -4.023113e-001 -5.620325e-001 -5.175691e-001 1.193034e-001 -1.234458e-001 -2.415574e-001 7.463247e-002 5.024135e-001
<VARIANCE> 25
 5.047296e+001 7.676864e+001 1.122390e+002 1.385207e+002 2.425300e+001 5.820916e+001 4.752819e+001 5.834813e+001 3.935410e+001 2.550801e+001 2.000680e+001 1.986069e+001 6.710707e+000 2.017651e+000 5.439912e+000 3.910767e+000 2.397291e+000 3.060224e+000 3.141169e+000 3.553461e+000 3.098426e+000 2.143182e+000 2.322939e+000 1.607279e+000 1.835771e+000
<GCONST> 1.058241e+002
~s "ST_s_4_1"
<MEAN> 25
 -1.559554e+000 -1.549816e+000 -1.184732e+000 4.857495e-001 7.234708e-002 -4.549393e-001 2.254958e+000 -2.030032e+000 -2.373712e+000 1.588871e+000 6.440269e-001 4.585815e-001 5.695914e-001 6.102370e-002 1.781512e-001 -3.330085e-001 -1.818951e-001 -3.023398e-001 -3.668899e-001 -1.483126e-002 -1.764488e-001 -2.322428e-001 -4.357142e-001 -5.583268e-002 9.463496e-002
<VARIANCE> 25
 5.373396e+001 2.523893e+002 1.269092e+002 1.641729e+002 8.302378e+001 9.563319e+001 8.946313e+001 7.282359e+001 6.024824e+001 5.285037e+001 4.536467e+001 5.750250e+001 3.582408e+000 4.415529e+000 3.969192e+000 5.835833e+000 5.320981e+000 5.199957e+000 5.640064e+000 5.313457e+000 4.717173e+000 4.884382e+000 4.621386e+000 4.130352e+000 1.463367e+000
<GCONST> 1.181916e+002
~s "ST_oh_2_1"
<MEAN> 25
 -5.146669e+000 -9.856646e-001 1.066364e+000 1.861025e+000 2.369672e+000 1.147788e+000 3.631149e+000 2.326392e+000 2.501284e+000 1.687543e+000 1.593890e+000 -5.274976e-001 -1.193866e-002 2.442454e-002 6.343837e-002 -2.291189e-002 4.963914e-002 1.639842e-002 7.389053e-002 8.085426e-002 1.112412e-001 1.281321e-001 3.237773e-002 -1.558420e-002 2.772580e-002
<VARIANCE> 25
 2.650656e+000 5.520855e+000 4.213686e+000 1.301869e+001 8.318121e+000 7.742036e+000 1.268129e+001 1.392291e+001 1.276000e+001 1.441027e+001 1.478253e+001 9.089026e+000 1.331001e-001 3.282047e-001 3.268627e-001 8.362065e-001 1.426187e+000 1.011129e+000 1.469990e+000 1.287391e+000 1.598579e+000 1.347532e+000 1.900797e+000 8.712087e-001 5.375198e-002
<GCONST> 6.701302e+001
~s "ST_oh_3_1"
<MEAN> 25
 4.581156e+000 -3.067283e+000 -7.732470e+000 -1.526947e+001 1.510083e+000 1.486938e+000 4.948836e+000 -8.319262e+000 1.614950e+000 6.004039e+000 2.459524e+000 3.439974e-001 3.291912e-001 4.928686e-001 2.354307e-001 1.116978e+000 -1.307685e-001 2.299639e-001 5.132464e-002 2.306910e-001 -5.907812e-001 -6.256456e-001 -7.353740e-001 1.436011e-001 -3.679400e-001
<VARIANCE> 25
 9.647326e+000 1.704136e+001 2.204909e+001 4.853572e+001 3.367537e+000 5.481276e+000 1.034296e+001 1.637415e+001 1.938532e+001 2.714895e+001 2.157613e+001 9.979358e+000 1.678937e-001 1.136001e-001 5.614039e-001 1.638488e+000 5.066566e-001 5.250032e-001 2.081258e+000 4.556788e-001 1.620515e+000 1.832713e+000 8.064040e-001 1.352874e+000 1.210878e-001
<GCONST> 7.135437e+001
~s "ST_oh_4_1"
<MEAN> 25
 -4.688776e-001 -2.285699e+000 -8.343077e-001 1.175018e+000 -1.309994e+000 2.421969e+000 2.478866e+000 -1.086908e+000 -8.055626e-001 -1.329646e+000 2.183979e+000 2.718527e-001 -6.470090e-001 1.330820e-001 1.348400e-001 1.031498e+000 -1.217780e+000 -6.142236e-001 -9.312231e-001 3.655021e-001 2.458659e-001 1.526643e-001 3.738830e-001 3.479195e-001 -3.934331e-001
<VARIANCE> 25
 2.814480e+001 2.226989e+001 1.534342e+001 1.688830e+001 8.325522e+000 8.276841e+000 1.300366e+001 3.254182e+001 3.062639e+001 3.088600e+001 1.309900e+001 7.066902e+000 7.729867e-001 1.005698e+000 8.642659e-001 1.345505e+000 1.314927e+000 2.755144e+000 2.088527e-001 2.946642e+000 1.145095e+000 6.000931e-001 2.429063e+000 9.057956e-001 1.082832e+000
<GCONST> 8.079933e+001
~s "ST_l_2_1"
<MEAN> 25
 4.245040e+000 -1.769069e+000 -5.346649e+000 -3.706280e+000 5.960119e-002 -2.420477e+000 -1.624423e+000 -4.616224e+000 4.220245e-001 1.075232e+000 1.654188e+000 4.156432e-001 -6.123018e-002 5.789754e-001 3.580781e-002 -2.514581e-001 -2.803925e-001 1.041507e-001 7.915948e-003 2.085374e-001 2.332874e-001 -1.652475e-001 1.068934e-001 3.914013e-001 -4.317103e-001
<VARIANCE> 25
 1.892905e+001 4.054546e+001 3.163745e+001 6.001376e+001 5.857611e+001 5.263017e+001 5.992153e+001 5.091261e+001 5.898942e+001 5.151791e+001 4.395657e+001 2.839766e+001 5.581279e-001 1.854942e+000 1.292581e+000 2.937158e+000 2.349882e+000 2.950246e+000 2.473058e+000 2.766092e+000 2.398550e+000 3.166726e+000 2.519273e+000 2.318812e+000 4.360566e-001
<GCONST> 9.953504e+001
~s "ST_l_3_1"
<MEAN> 25
 4.766852e+000 -3.753403e-001 -2.851719e+000 -4.927431e+000 -3.049832e+000 -3.959787e+000 6.924313e-001 3.924010e+000 2.940346e+000 -5.557826e+000 -1.900625e+000 9.792885e-001 -4.418105e-001 2.519849e-001 3.570767e-001 2.724470e-001 8.680899e-002 3.117304e-001 1.357403e-001 2.888123e-001 -5.672905e-002 2.234780e-001 1.846347e-001 -5.058899e-002 -5.035493e-001
<VARIANCE> 25
 2.323346e+001 4.836930e+001 2.578337e+001 5.437735e+001 4.459420e+001 5.286796e+001 8.904460e+001 6.256776e+001 3.974928e+001 4.136061e+001 3.218242e+001 1.795766e+001 9.013028e-001 1.309478e+000 1.514699e+000 3.168737e+000 3.002183e+000 2.281207e+000 2.482837e+000 3.077897e+000 2.357324e+000 2.251102e+000 1.527647e+000 1.919559e+000 1.034742e+000
<GCONST> 9.884309e+001
~s "ST_l_4_1"
<MEAN> 25
 2.873385e-001 1.817287e+000 1.564603e+000 5.943551e+000 2.752112e-001 2.024876e+000 -8.908406e-001 2.931803e+000 4.371853e-001 -2.177603e+000 2.191932e+000 -4.859012e-001 -8.701945e-002 -2.460384e-002 1.467382e-001 1.324784e-001 7.345213e-003 6.976553e-002 5.176801e-002 2.068256e-001 2.752952e-003 5.706685e-002 -1.195225e-002 1.740173e-002 -7.655803e-002
<VARIANCE> 25
 4.540238e+000 1.117620e+001 7.444174e+000 1.702055e+001 1.422049e+001 1.428292e+001 1.749828e+001 2.083228e+001 1.742365e+001 1.803134e+001 1.635909e+001 1.402265e+001 1.949389e-001 2.874840e-001 5.726660e-001 8.105964e-001 9.378063e-001 1.277247e+000 1.494987e+000 1.882016e+000 1.625964e+000 1.335227e+000 1.288456e+000 1.350858e+000 8.861855e-002
<GCONST> 7.358513e+001
~s "ST_l_4_2"
<MEAN> 25
 -2.965820e+000 5.719265e+000 4.703664e-002 -1.886769e+000 -6.691592e-001 2.138876e+000 2.562440e+000 2.086783e+000 2.605060e+000 -7.111478e-001 2.011173e+000 2.360305e+000 -6.897214e-002 -4.030975e-003 1.206186e-001 1.086526e-001 -8.019987e-003 3.940763e-002 6.662801e-002 1.072801e-001 1.184226e-001 3.935458e-002 6.381460e-003 -3.963879e-002 2.173418e-002
<VARIANCE> 25
 1.071011e+001 6.870833e+001 1.364928e+001 3.131021e+001 2.121369e+001 3.130213e+001 2.225671e+001 3.072783e+001 2.249368e+001 4.583111e+001 1.690111e+001 1.802182e+001 1.383394e-001 4.520179e-001 7.772787e-001 7.568154e-001 1.134680e+000 1.801627e+000 1.266550e+000 2.084046e+000 1.533433e+000 1.586730e+000 1.270656e+000 1.195455e+000 7.208592e-002
<GCONST> 8.134925e+001
~s "ST_y_2_1"
<MEAN> 25
 -2.783949e+000 -1.117820e+001 9.162658e+000 -9.377419e+000 3.745383e+000 -2.424244e+000 1.819247e+000 -4.327340e+000 -4.688430e-001 1.912497e+000 -1.991682e+000 8.831623e-001 -4.086345e-001 2.331903e-001 1.547992e+000 -3.474728e-001 -4.415829e-001 -4.876300e-001 -1.412219e+000 -5.170749e-001 4.178237e-001 1.088680e+000 -1.669712e-001 -2.549629e-001 1.540667e-001
<VARIANCE> 25
 1.005139e+002 1.909605e+002 1.083385e+002 1.251951e+002 1.808689e+002 6.351171e+001 1.322782e+002 4.686596e+001 6.769167e+001 7.099228e+001 4.395862e+001 4.962817e+001 3.824730e+000 8.142913e+000 6.265711e+000 8.309651e+000 6.618755e+000 4.798664e+000 8.243593e+000 5.446154e+000 4.947730e+000 7.312944e+000 3.903934e+000 4.565563e+000 2.088981e+000
<GCONST> 1.214305e+002
~s "ST_y_3_1"
<MEAN> 25
 2.517034e+000 1.591131e+000 9.889028e+000 -1.047126e+001 -1.128006e+001 -3.756504e+000 -3.744972e+000 -6.890378e+000 -3.544005e+000 4.338851e+000 -2.654881e+000 2.765843e-001 -8.676677e-002 1.541402e-001 2.262287e-001 -1.538997e-001 -3.607708e-001 -1.689550e-001 -5.925469e-002 1.941620e-002 1.730309e-001 3.565672e-001 1.239088e-001 -1.706752e-001 2.149455e-002
<VARIANCE> 25
 1.965988e+001 3.867068e+001 2.452438e+001 5.304712e+001 9.132813e+001 2.885485e+001 5.635089e+001 3.364735e+001 7.436179e+001 3.578962e+001 2.698936e+001 3.871112e+001 2.179822e-001 2.461617e+000 1.865098e+000 1.420551e+000 2.432344e+000 1.301123e+000 5.429500e+000 2.272302e+000 1.503685e+000 2.187721e+000 1.421876e+000 2.400579e+000 5.052074e-001
<GCONST> 9.576611e+001
~s "ST_y_4_1"
<MEAN> 25
 5.874109e-001 -1.082115e+001 1.194408e+001 8.637866e+000 1.688169e+000 -1.335479e+001 -7.649530e+000 2.619592e+000 4.776664e-001 -1.775617e+000 -1.882456e+000 -7.772013e+000 1.082330e-001 1.244149e-002 -6.073062e-001 -2.083785e-001 1.783596e-002 -2.101921e-001 3.419594e-001 1.357220e-001 2.706973e-001 -1.739293e-001 2.343780e-001 1.724480e-001 1.771033e-002
<VARIANCE> 25
 1.287805e+001 1.128005e+002 8.818670e+001 1.491745e+002 1.026638e+002 5.422828e+001 9.491360e+001 1.099352e+002 6.740299e+001 8.078883e+001 6.858585e+001 4.509032e+001 2.970296e-001 2.348304e+000 3.451810e+000 4.916501e+000 2.540152e+000 2.556794e+000 5.651172e+000 4.608133e+000 3.742673e+000 4.718635e+000 3.299295e+000 3.483000e+000 9.304843e-001
<GCONST> 1.100723e+002
~s "ST_b_2_1"
<MEAN> 25
 9.560289e-001 3.446223e+000 8.204895e+000 -2.145112e+000 -4.050282e+000 -4.354107e+000 -1.093129e+000 -5.102029e+000 -2.128267e+000 -1.722775e-001 4.577708e-002 -3.539248e-002 -8.519179e-001 -1.752934e+000 2.496521e+000 -1.675192e+000 -1.580958e+000 -1.152422e+000 7.226948e-001 -9.626629e-001 -3.907756e-001 1.336515e+000 -7.834918e-002 4.681251e-002 1.975582e+000
<VARIANCE> 25
 5.951297e+001 1.037116e+002 1.141938e+002 1.429059e+002 5.587917e+001 8.061150e+001 6.810835e+001 6.168502e+001 7.833028e+001 5.483383e+001 2.730950e+001 3.834928e+001 5.028062e+000 1.064052e+001 8.713888e+000 1.793678e+001 7.661704e+000 8.216471e+000 7.375856e+000 8.458896e+000 8.804605e+000 5.700730e+000 4.841105e+000 6.403446e+000 1.719896e+000
<GCONST> 1.216494e+002
~s "ST_b_3_1"
<MEAN> 25
 1.095805e+000 2.520728e+000 1.288577e+001 -7.871265e+000 -1.375984e+001 -5.856892e+000 -1.614222e+000 -9.052744e+000 -4.239925e+000 7.115160e+000 -1.373162e-001 7.040745e-001 -1.692831e-001 -2.865236e-001 -8.387812e-001 1.742733e-001 -2.425381e-001 -3.440655e-001 5.141803e-001 2.969833e-001 5.180140e-001 6.005079e-002 5.877250e-001 -3.036022e-001 4.560607e-001
<VARIANCE> 25
 2.880094e+001 3.173161e+001 4.014271e+001 7.311677e+001 4.569996e+001 2.074013e+001 4.922546e+001 3.574548e+001 3.739884e+001 3.555085e+001 2.788779e+001 6.749938e+001 8.957618e-001 1.737092e+000 4.423274e+000 4.249689e+000 3.109174e+000 2.363939e+000 3.270044e+000 4.447071e+000 2.551142e+000 4.283990e+000 2.194420e+000 2.421602e+000 4.736522e-001
<GCONST> 1.011711e+002
~s "ST_b_4_1"
<MEAN> 25
 1.447350e+000 -1.138586e+001 3.037768e+000 1.087946e+000 -3.320246e-001 -1.381283e-001 4.793919e-001 -2.983114e+000 -1.755404e+000 2.408274e+000 -1.974909e+000 -2.561970e+000 3.284329e-002 1.821111e-001 -3.308947e-001 6.078704e-002 2.451175e-001 1.328291e-002 -4.653002e-002 1.386060e-001 1.221554e-001 -1.498894e-001 -1.164095e-001 6.271443e-002 -1.453335e-001
<VARIANCE> 25
 5.869277e+001 2.016464e+002 1.149870e+002 1.734013e+002 1.630733e+002 1.204604e+002 1.802691e+002 9.964494e+001 8.903285e+001 7.292892e+001 4.958729e+001 6.448846e+001 2.015360e+000 4.630647e+000 4.385082e+000 7.875395e+000 8.679150e+000 6.617095e+000 9.010125e+000 7.441967e+000 6.291680e+000 5.897818e+000 4.735816e+000 4.477897e+000 1.555809e+000
<GCONST> 1.228981e+002
~s "ST_o_2_1"
<MEAN> 25
 1.292055e-008 1.831648e-008 -6.299361e-008 6.397928e-009 6.513714e-008 4.146926e-008 -2.503356e-008 -3.737221e-008 4.785829e-009 -8.260601e-008 4.838081e-008 -2.966501e-008 7.700191e-003 5.403126e-003 9.986212e-003 -4.435305e-003 5.198286e-003 1.178548e-003 5.735684e-003 -2.200497e-003 -9.225003e-004 -6.409926e-004 -2.520854e-003 -2.406914e-003 2.725629e-002
<VARIANCE> 25
 4.587285e+001 1.030148e+002 6.019880e+001 7.829473e+001 5.465159e+001 4.961901e+001 6.176896e+001 4.825900e+001 4.880714e+001 4.872197e+001 3.755544e+001 3.288158e+001 1.069084e+000 2.243620e+000 1.931021e+000 2.910384e+000 2.554792e+000 2.477852e+000 2.995093e+000 2.747025e+000 2.618064e+000 2.724945e+000 2.375594e+000 2.010036e+000 1.498881e+000
<GCONST> 1.041510e+002
~s "ST_o_3_1"
<MEAN> 25
 1.292055e-008 1.831648e-008 -6.299361e-008 6.397928e-009 6.513714e-008 4.146926e-008 -2.503356e-008 -3.737221e-008 4.785829e-009 -8.260601e-008 4.838081e-008 -2.966501e-008 7.700191e-003 5.403126e-003 9.986212e-003 -4.435305e-003 5.198286e-003 1.178548e-003 5.735684e-003 -2.200497e-003 -9.225002e-004 -6.409926e-004 -2.520854e-003 -2.406914e-003 2.725629e-002
<VARIANCE> 25
 4.587285e+001 1.030148e+002 6.019880e+001 7.829473e+001 5.465159e+001 4.961901e+001 6.176896e+001 4.825900e+001 4.880714e+001 4.872197e+001 3.755544e+001 3.288158e+001 1.069084e+000 2.243620e+000 1.931021e+000 2.910384e+000 2.554792e+000 2.477852e+000 2.995093e+000 2.747025e+000 2.618064e+000 2.724945e+000 2.375594e+000 2.010036e+000 1.498881e+000
<GCONST> 1.041510e+002
~s "ST_o_4_1"
<MEAN> 25
 1.292055e-008 1.831648e-008 -6.299361e-008 6.397928e-009 6.513714e-008 4.146926e-008 -2.503356e-008 -3.737221e-008 4.785829e-009 -8.260601e-008 4.838081e-008 -2.966501e-008 7.700191e-003 5.403126e-003 9.986212e-003 -4.435305e-003 5.198286e-003 1.178548e-003 5.735684e-003 -2.200497e-003 -9.225003e-004 -6.409926e-004 -2.520854e-003 -2.406914e-003 2.725629e-002
<VARIANCE> 25
 4.587285e+001 1.030148e+002 6.019880e+001 7.829473e+001 5.465159e+001 4.961901e+001 6.176896e+001 4.825900e+001 4.880714e+001 4.872197e+001 3.755544e+001 3.288158e+001 1.069084e+000 2.243620e+000 1.931021e+000 2.910384e+000 2.554792e+000 2.477852e+000 2.995093e+000 2.747025e+000 2.618064e+000 2.724945e+000 2.375594e+000 2.010036e+000 1.498881e+000
<GCONST> 1.041510e+002
~s "ST_r_2_1"
<MEAN> 25
 7.797112e+000 -9.199142e+000 -2.414149e+000 -2.226056e+000 -8.213392e+000 -2.688378e+000 1.871626e+000 1.910076e+000 1.562066e+000 -2.020074e+000 -3.788913e+000 -6.040044e-001 -2.451941e-001 -6.758172e-001 1.026203e+000 2.839843e-001 -1.032612e+000 1.687154e-002 7.792175e-001 6.634853e-001 -7.547216e-001 -4.740883e-002 2.411215e-001 6.449788e-001 8.169533e-002
<VARIANCE> 25
 1.590968e+001 4.053177e+001 2.571101e+001 4.546563e+001 6.721637e+001 3.180628e+001 7.224753e+001 3.787685e+001 4.994299e+001 3.404718e+001 3.250118e+001 2.921163e+001 1.104669e+000 2.788452e+000 2.513146e+000 6.190797e+000 5.346299e+000 2.758399e+000 5.019519e+000 4.695131e+000 3.663599e+000 3.304307e+000 3.455127e+000 2.714065e+000 1.506622e+000
<GCONST> 1.042187e+002
~s "ST_r_3_1"
<MEAN> 25
 4.897678e+000 -9.768887e+000 4.942486e+000 -9.762717e+000 -1.366688e+001 -4.807623e+000 7.872362e+000 1.708370e+000 -6.865568e+000 3.565778e+000 -3.174458e+000 -2.936918e+000 -5.989941e-001 8.016089e-001 4.363542e-001 -7.523430e-001 5.476674e-001 -1.425793e-001 8.857273e-001 -1.065810e+000 -6.964349e-001 7.099029e-001 -1.582114e-001 -3.908794e-001 -1.188357e-001
<VARIANCE> 25
 1.540817e+001 2.978118e+001 1.990510e+001 2.560091e+001 4.624134e+001 2.214524e+001 6.570545e+001 3.247952e+001 2.997656e+001 4.630956e+001 2.462819e+001 1.512717e+001 3.519841e-001 8.942947e-001 9.305066e-001 1.474416e+000 1.373773e+000 1.524238e+000 1.738486e+000 1.930767e+000 3.091216e+000 2.488943e+000 2.201766e+000 1.846625e+000 2.601423e-001
<GCONST> 8.926959e+001
~s "ST_r_3_2"
<MEAN> 25
 3.548121e+000 -6.698364e+000 -7.574837e-001 -5.354798e-001 -3.051858e+000 1.563727e-001 2.666139e+000 1.759717e+000 -2.144945e+000 -2.382491e+000 -1.525184e+000 -1.353876e+000 -2.290329e-001 4.337125e-001 1.128977e-001 2.920871e-002 5.748297e-002 -3.442743e-001 -3.128298e-003 -2.371962e-001 -1.353989e-001 9.816991e-002 -1.099209e-001 1.525956e-001 -4.083242e-001
<VARIANCE> 25
 9.122654e+000 6.256217e+001 1.978475e+001 7.745757e+001 4.503975e+001 2.006631e+001 4.117852e+001 2.471365e+001 2.461998e+001 3.246443e+001 2.526071e+001 2.158821e+001 6.428065e-001 6.598895e-001 9.995159e-001 1.503226e+000 1.673529e+000 2.169321e+000 2.726579e+000 2.205674e+000 2.561854e+000 2.306092e+000 1.751675e+000 1.587018e+000 3.897548e-001
<GCONST> 9.083489e+001
~s "ST_r_4_1"
<MEAN> 25
 4.774756e+000 -1.441363e+001 -6.886256e+000 3.670847e+000 4.164581e+000 -2.146981e+000 2.467013e-002 -1.833587e+000 -3.106978e+000 5.016569e+000 2.877879e+000 -2.484819e+000 -2.469914e-001 6.343901e-001 -6.277642e-002 3.037724e-001 5.236040e-001 2.382539e-001 -2.844881e-001 -2.890543e-001 3.903358e-001 4.346751e-002 5.682803e-002 2.133438e-001 -5.058019e-001
<VARIANCE> 25
 2.523064e+001 9.875802e+001 9.486893e+001 1.212149e+002 1.439247e+002 6.087277e+001 1.411266e+002 7.106962e+001 6.727849e+001 5.595135e+001 7.484300e+001 4.680412e+001 9.434311e-001 2.860882e+000 2.582736e+000 4.908124e+000 5.390527e+000 4.243195e+000 6.648497e+000 5.893029e+000 3.802544e+000 4.068889e+000 4.321712e+000 3.439963e+000 8.934937e-001
<GCONST> 1.134601e+002
~s "ST_h_2_1"
<MEAN> 25
 -1.652717e-001 6.772762e-001 1.363650e+000 5.588262e+000 -1.845493e-001 1.500289e+000 1.952294e-001 3.281991e+000 2.461678e-001 6.367542e-001 1.917956e+000 -1.527249e+000 -1.961800e-002 -2.984995e-002 2.446116e-002 3.171199e-002 6.072003e-002 3.391875e-002 3.021522e-002 -1.259603e-002 2.891659e-002 -1.582015e-002 -3.356424e-002 -1.181983e-002 9.210342e-004
<VARIANCE> 25
 6.232722e+000 8.956508e+000 5.609807e+000 9.279810e+000 8.868517e+000 1.058202e+001 1.477592e+001 1.400145e+001 1.432618e+001 9.730914e+000 1.136621e+001 1.254128e+001 1.219107e-001 2.704623e-001 3.850679e-001 5.464243e-001 9.320775e-001 1.085819e+000 1.106785e+000 1.527367e+000 1.353452e+000 9.886462e-001 1.172262e+000 1.063450e+000 4.201484e-002
<GCONST> 6.660055e+001
~s "ST_h_3_1"
<MEAN> 25
 -1.965134e+000 -5.303870e+000 -3.018188e+000 3.882672e+000 6.714995e+000 3.940225e+000 1.407233e+000 8.300762e-001 -6.946654e-001 -3.133347e+000 2.209693e+000 1.605044e+000 -1.395949e-001 -8.940757e-001 -8.616357e-001 -6.971270e-002 8.057383e-001 3.433617e-001 3.847165e-001 -1.158208e+000 7.650220e-002 -9.280071e-001 -1.325923e-002 4.427216e-001 8.164861e-001
<VARIANCE> 25
 1.218824e+001 5.074759e+001 1.761221e+001 1.203744e+001 9.278551e+000 1.361585e+001 1.782462e+001 2.623704e+001 1.845453e+001 1.362424e+001 2.076310e+001 2.243928e+001 5.332659e-001 2.429806e+000 1.817896e+000 4.440209e-001 1.778704e+000 1.215045e+000 2.508962e+000 2.630097e+000 1.699919e+000 1.031835e+000 2.700666e+000 2.114292e+000 2.379193e-001
<GCONST> 8.395947e+001
~s "ST_h_4_1"
<MEAN> 25
 1.441969e+000 -1.355261e+000 -9.808958e-001 7.168840e-001 1.288410e-001 -8.054334e-001 -1.535034e+000 -3.248325e+000 -1.961931e+000 -2.843283e+000 -1.017736e+000 4.746796e-001 -1.420096e-002 1.177286e-001 2.630744e-002 -7.092777e-002 -8.141064e-002 -1.081047e-001 7.301596e-003 -6.427680e-002 1.652148e-001 4.887488e-002 -2.660505e-003 -4.513842e-002 -1.882635e-002
<VARIANCE> 25
 5.818163e+001 2.327842e+001 2.335887e+001 1.621968e+001 1.951645e+001 1.811963e+001 3.682079e+001 5.154694e+001 4.617032e+001 4.628023e+001 2.458707e+001 1.760586e+001 7.177330e-001 5.180821e-001 1.113045e+000 1.293487e+000 1.142903e+000 1.541731e+000 1.871889e+000 1.773312e+000 1.630378e+000 1.294652e+000 1.627338e+000 1.127960e+000 1.947323e-001
<GCONST> 8.710925e+001
~s "ST_hh_2_1"
<MEAN> 25
 7.734173e+000 -6.782734e+000 -5.648675e+000 8.105706e-001 -6.209291e-001 -4.265856e+000 -5.551263e+000 2.767185e+000 -1.841234e+000 -4.267201e+000 -8.779069e-001 -7.370914e+000 -2.033689e-001 -3.841158e-001 -9.510349e-002 2.140489e-001 1.064136e-001 6.492170e-001 2.887532e-001 -3.550557e-002 6.522290e-001 3.595824e-001 -3.043953e-001 -3.918507e-003 -7.213470e-002
<VARIANCE> 25
 1.633330e+001 4.110596e+001 6.424575e+001 4.755187e+001 1.061984e+002 1.214967e+002 7.423223e+001 1.389652e+002 6.249134e+001 5.383400e+001 8.828234e+001 8.131797e+001 4.294348e-001 1.497547e+000 3.340866e+000 3.441705e+000 7.255379e+000 9.139338e+000 7.785550e+000 8.667012e+000 7.914582e+000 5.063132e+000 6.590318e+000 4.528729e+000 4.858748e-001
<GCONST> 1.129591e+002
~s "ST_hh_3_1"
<MEAN> 25
 1.974162e+000 -1.617957e-001 -5.203989e+000 -9.718305e-001 -8.778222e-001 5.409901e+000 4.497974e+000 -2.045089e+000 1.839613e+000 2.377975e+000 -4.870395e-001 8.903763e-001 -3.845131e-001 1.040818e+000 8.988675e-002 -3.568509e-001 3.488328e-001 3.812180e-001 1.875447e-001 5.171300e-001 1.883300e-001 5.168475e-002 3.360249e-001 2.397972e-001 -6.445495e-001
<VARIANCE> 25
 1.048786e+001 1.539147e+002 3.321120e+001 4.625759e+001 3.943619e+001 4.853792e+001 4.934547e+001 4.288952e+001 4.954338e+001 3.875347e+001 3.232312e+001 2.898248e+001 2.647336e-001 1.642960e+000 1.482742e+000 2.279082e+000 2.488634e+000 2.648126e+000 2.093427e+000 1.651780e+000 2.921992e+000 2.527199e+000 2.408459e+000 2.182922e+000 3.147499e-001
<GCONST> 9.630213e+001
~s "ST_k_2_1"
<MEAN> 25
 6.880795e+000 -1.402546e+000 -4.845086e+000 -6.726807e+000 -2.491757e-001 -1.141632e+000 -4.770319e+000 -3.954756e+000 -3.416011e+000 -1.154107e+000 -1.962904e+000 -3.180587e+000 -3.103237e-001 2.338028e-001 -5.151188e-001 2.763209e-001 1.974197e-001 3.380872e-001 2.287025e-001 4.313836e-001 -1.794479e-002 2.048118e-001 2.842474e-001 1.526281e-001 -7.334186e-001
<VARIANCE> 25
 1.505649e+001 7.364585e+001 8.742014e+001 1.186381e+002 5.429059e+001 4.537086e+001 6.185915e+001 4.059096e+001 4.748662e+001 4.032689e+001 2.751011e+001 2.693864e+001 1.720768e+000 4.085538e+000 4.791671e+000 6.873181e+000 3.815521e+000 3.654938e+000 5.151280e+000 3.959124e+000 5.031089e+000 4.995332e+000 3.349479e+000 2.271353e+000 2.821718e+000
<GCONST> 1.093938e+002
~s "ST_hh_4_1"
<MEAN> 25
 -5.098929e+000 2.358710e+000 1.677077e+000 1.604320e+000 2.694890e+000 2.666150e+000 3.234008e+000 1.847733e+000 3.353326e+000 2.412744e+000 2.814046e+000 2.872058e-001 -8.404081e-002 1.962049e-002 8.700439e-002 5.763866e-002 2.364733e-002 4.899699e-002 7.369342e-002 1.163521e-001 1.008381e-001 7.775727e-002 3.634136e-002 -4.822136e-002 -2.719433e-002
<VARIANCE> 25
 5.471965e+000 2.606484e+001 8.709403e+000 1.001336e+001 1.102609e+001 1.532073e+001 1.525313e+001 1.627709e+001 1.700258e+001 1.745164e+001 1.466542e+001 1.785176e+001 1.678370e-001 3.150532e-001 5.454176e-001 6.264612e-001 9.114899e-001 9.731914e-001 1.016936e+000 1.339544e+000 1.514331e+000 1.439801e+000 1.521132e+000 1.388787e+000 4.724356e-002
<GCONST> 7.193044e+001
~s "ST_k_3_1"
<MEAN> 25
 1.213053e+000 1.109911e-001 -4.761447e+000 -3.947970e-001 3.135961e-001 1.438342e-002 -2.397737e-001 -5.594816e-001 -9.136729e-001 9.273893e-001 -1.269081e+000 -2.083886e-001 -1.296343e+000 -2.722689e-001 4.588739e-001 9.209207e-001 1.470818e-001 5.512315e-002 1.076619e+000 7.726848e-001 7.723212e-001 4.987539e-001 6.224363e-001 3.501763e-001 -2.128354e-001
<VARIANCE> 25
 1.554913e+001 4.502613e+001 3.997256e+001 5.655504e+001 3.874292e+001 4.005048e+001 5.629598e+001 2.853216e+001 4.551181e+001 2.924331e+001 3.504453e+001 3.444645e+001 1.981633e+000 2.006769e+000 2.002611e+000 4.179030e+000 1.878366e+000 4.342667e+000 3.778135e+000 3.101405e+000 5.172827e+000 3.686888e+000 3.129965e+000 3.732477e+000 4.827428e+000
<GCONST> 1.042855e+002
~s "ST_k_4_1"
<MEAN> 25
 -3.026044e+000 9.093790e-001 -6.698788e-001 3.086360e+000 2.610268e+000 3.923351e+000 2.844878e+000 2.464895e+000 2.735555e+000 2.531981e+000 1.851536e+000 7.074692e-001 -9.974068e-002 7.737115e-003 1.283800e-001 2.073902e-001 3.940789e-002 2.224326e-003 3.121188e-002 6.841966e-002 4.573189e-002 3.791186e-002 1.016137e-001 7.521965e-002 -5.934662e-002
<VARIANCE> 25
 1.255007e+001 1.768348e+001 1.504050e+001 2.256903e+001 2.144036e+001 1.536963e+001 2.287277e+001 1.714295e+001 1.928180e+001 2.811558e+001 1.778018e+001 1.489902e+001 1.824903e-001 4.054230e-001 5.998512e-001 7.255490e-001 9.468948e-001 1.199689e+000 1.475033e+000 1.388390e+000 1.493269e+000 1.841087e+000 1.445697e+000 1.162794e+000 1.215526e-001
<GCONST> 7.765255e+001
~s "ST_uw_2_1"
<MEAN> 25
 -2.224799e+000 -7.822617e+000 4.770977e+000 -6.892292e+000 2.148745e+000 8.603879e-001 -2.451847e+000 -3.762876e+000 -1.505766e+000 1.195786e+000 5.615891e-001 1.544923e+000 9.154854e-001 -1.004915e+000 -1.514396e-001 -9.387069e-001 -1.317298e-001 -7.151218e-003 -3.386473e-001 -6.253065e-001 -4.999312e-001 -3.379801e-002 -9.561276e-002 -3.759966e-001 1.162216e+000
<VARIANCE> 25
 8.069042e+001 2.335773e+002 1.381989e+002 1.025379e+002 1.026181e+002 8.727619e+001 6.529067e+001 5.252567e+001 7.641108e+001 5.767337e+001 3.884885e+001 5.605584e+001 6.090448e+000 1.269312e+001 7.535326e+000 1.024659e+001 9.444725e+000 6.633148e+000 6.360271e+000 6.370429e+000 6.317066e+000 4.768752e+000 3.977169e+000 5.098474e+000 5.038504e+000
<GCONST> 1.232327e+002
~s "ST_n_2_1"
<MEAN> 25
 2.270391e+000 6.403173e+000 1.590583e+000 2.057130e-001 1.089996e+000 -1.015536e+000 -3.316401e+000 -2.842626e+000 1.410166e-002 -2.817067e+000 -1.861242e-001 9.657504e-001 2.898358e-002 7.987317e-001 -2.068299e-001 7.451372e-001 -2.189190e-001 6.368765e-001 1.388925e-001 6.857421e-002 -2.317669e-001 4.381878e-001 6.266685e-002 2.448486e-001 -9.451576e-001
<VARIANCE> 25
 2.693869e+001 5.756157e+001 3.532744e+001 6.744163e+001 4.471540e+001 5.021205e+001 4.135008e+001 3.833264e+001 3.617938e+001 3.272883e+001 2.802747e+001 3.217555e+001 8.456998e-001 1.545730e+000 2.455499e+000 2.622174e+000 3.076079e+000 3.417723e+000 3.194343e+000 3.796847e+000 3.217567e+000 3.394109e+000 2.689556e+000 2.314257e+000 8.712599e-001
<GCONST> 1.010951e+002
~s "ST_n_2_2"
<MEAN> 25
 6.661881e+000 1.067897e+000 -1.191144e+000 1.008536e-001 -2.138547e+000 -5.391811e+000 -3.745843e+000 -2.476625e+000 -6.472278e+000 -8.016107e+000 -1.606868e+000 2.333434e+000 -4.557213e-001 1.350083e+000 5.782167e-001 1.105488e+000 8.877526e-002 -1.822580e-001 -4.897133e-001 -7.125331e-001 2.611985e-001 8.466658e-001 2.276629e-001 5.735983e-002 -1.122548e+000
<VARIANCE> 25
 1.829970e+001 4.562644e+001 1.781693e+001 4.935086e+001 5.765749e+001 7.256332e+001 2.646315e+001 3.487384e+001 4.054221e+001 4.908144e+001 4.413258e+001 2.818802e+001 6.312059e-001 2.028328e+000 1.435556e+000 3.141308e+000 1.450756e+000 3.026479e+000 1.556471e+000 3.626856e+000 2.226464e+000 2.691668e+000 3.948933e+000 1.888065e+000 8.047532e-001
<GCONST> 9.788770e+001
~s "ST_uw_3_1"
<MEAN> 25
 6.133070e+000 -4.061397e+000 -5.998563e+000 -4.110717e+000 1.221302e+000 -1.409046e+000 -2.042633e+000 -4.192041e+000 -3.511714e+000 7.553018e-001 3.847102e-001 -3.347418e+000 3.350245e-001 6.718086e-001 -3.091938e-001 1.237309e-001 -2.411174e-001 1.953493e-001 -1.334253e-003 -1.539653e-002 -2.413575e-001 1.033006e-001 -2.984665e-001 -9.680488e-002 -4.830536e-001
<VARIANCE> 25
 1.624432e+001 1.344298e+002 6.380678e+001 1.032959e+002 1.051889e+002 8.745221e+001 7.515216e+001 8.611706e+001 7.002431e+001 5.882404e+001 6.553848e+001 6.111060e+001 1.420552e+000 3.496417e+000 2.941799e+000 6.314177e+000 5.055115e+000 6.231632e+000 4.031405e+000 6.448432e+000 5.620430e+000 3.874724e+000 4.986270e+000 3.664544e+000 1.990020e+000
<GCONST> 1.148570e+002
~s "ST_n_3_1"
<MEAN> 25
 2.206389e+000 3.684833e+000 1.204280e+000 3.836612e+000 1.162703e+000 -1.784975e+000 -2.918809e+000 -2.724679e+000 -2.364121e+000 -3.187723e+000 -6.816673e-001 1.374975e+000 -3.217658e-001 7.143500e-002 1.324075e-001 2.421822e-001 1.739518e-001 5.060975e-001 3.072441e-001 3.225404e-001 2.597508e-001 2.564434e-001 1.569563e-001 -1.468167e-001 -2.544335e-001
<VARIANCE> 25
 1.577119e+001 2.027729e+001 1.296599e+001 2.360065e+001 3.121078e+001 3.011560e+001 2.173853e+001 2.332874e+001 2.439080e+001 1.973055e+001 2.225734e+001 2.407415e+001 2.486211e-001 4.385400e-001 5.556923e-001 8.787639e-001 1.123894e+000 1.487411e+000 1.430024e+000 1.437612e+000 1.557900e+000 1.530507e+000 1.449051e+000 1.222430e+000 1.327475e-001
<GCONST> 8.069596e+001
~s "ST_uw_4_1"
<MEAN> 25
 6.091164e+000 4.232168e+000 -8.981377e-003 -9.694798e+000 -3.622348e+000 -4.348359e+000 -5.665562e+000 -6.270736e+000 -5.147051e+000 6.739113e-001 -2.269379e+000 -1.050030e+000 -1.691867e-001 1.722852e-001 1.271052e-001 3.946137e-001 1.337891e-002 6.048580e-002 6.611728e-002 2.106163e-002 8.121797e-002 -3.849979e-002 2.393941e-001 2.149817e-001 -3.913998e-001
<VARIANCE> 25
 1.504665e+001 1.745697e+001 8.728882e+001 7.443793e+001 7.837558e+001 4.477554e+001 4.702321e+001 4.402137e+001 4.787757e+001 4.356070e+001 4.190561e+001 4.165551e+001 3.692775e-001 6.642514e-001 1.212100e+000 2.322380e+000 2.289383e+000 2.098079e+000 1.926195e+000 2.144536e+000 2.046164e+000 1.931646e+000 2.157746e+000 1.892518e+000 4.339049e-001
<GCONST> 9.576696e+001
~s "ST_uw_4_2"
<MEAN> 25
 9.244164e+000 5.327702e+000 -1.640039e-001 -1.343173e+000 -3.306564e+000 -9.000941e+000 -9.456929e+000 -5.030859e+000 -4.282657e+000 -4.336080e+000 -4.466761e+000 -5.056078e+000 -3.129478e-001 3.913631e-001 7.176480e-001 5.780640e-001 -9.548856e-002 -2.677970e-001 -1.618048e-001 -2.895009e-001 -1.185832e-001 8.990048e-003 -1.174075e-001 -7.762748e-002 -3.913966e-001
<VARIANCE> 25
 8.125877e+000 2.917982e+001 3.456485e+001 4.425840e+001 2.177574e+001 3.334455e+001 2.385229e+001 2.900043e+001 2.075740e+001 1.655834e+001 1.755152e+001 1.174278e+001 2.701767e-001 7.078278e-001 8.744537e-001 1.342072e+000 1.326181e+000 2.420347e+000 1.819987e+000 2.071590e+000 1.877038e+000 1.278153e+000 1.986722e+000 1.499466e+000 2.591418e-001
<GCONST> 8.465891e+001
~s "ST_n_4_1"
<MEAN> 25
 -4.340211e+000 3.018695e+000 1.728422e+000 3.046664e+000 3.063647e+000 2.843330e+000 3.074910e+000 3.085528e+000 3.497463e+000 2.650717e+000 2.726632e+000 2.300067e-001 -4.693269e-002 4.749019e-003 2.008379e-002 3.080951e-002 3.692844e-002 4.712950e-002 3.199055e-002 4.465712e-002 7.163769e-002 4.729615e-002 1.627937e-002 -2.241969e-002 -2.194464e-003
<VARIANCE> 25
 1.055604e+001 2.177611e+001 7.005416e+000 1.424937e+001 1.183288e+001 1.369581e+001 2.113497e+001 1.650989e+001 1.803323e+001 1.809870e+001 1.422567e+001 1.340667e+001 1.232667e-001 3.171150e-001 4.755138e-001 6.545926e-001 9.293542e-001 1.146850e+000 1.199840e+000 1.322056e+000 1.482752e+000 1.462366e+000 1.367421e+000 1.201196e+000 5.524875e-002
<GCONST> 7.245998e+001
~s "ST_n_4_2"
<MEAN> 25
 -4.609608e+000 7.803834e+000 1.834989e+000 1.473835e+000 2.927448e+000 1.841525e+000 1.663696e+000 2.463205e+000 3.771969e+000 8.288947e-001 2.249685e+000 1.977791e+000 -1.858916e-002 5.000261e-002 6.281685e-002 4.355290e-002 -6.391373e-003 -3.146148e-002 4.668967e-002 6.391471e-002 3.376421e-002 6.838728e-002 3.390166e-002 -1.767990e-002 1.171026e-002
<VARIANCE> 25
 1.157934e+001 6.232732e+001 7.929922e+000 2.789358e+001 1.733147e+001 1.797041e+001 2.725268e+001 1.868266e+001 1.946241e+001 2.672094e+001 1.720383e+001 2.191097e+001 1.238497e-001 2.851813e-001 5.973957e-001 6.363896e-001 9.800315e-001 1.200037e+000 1.150208e+000 1.163199e+000 1.435493e+000 1.207738e+000 1.251924e+000 1.309065e+000 5.442291e-002
<GCONST> 7.636378e+001
~s "ST_d_2_1"
<MEAN> 25
 -4.015002e+000 -3.237806e+000 5.006231e+000 -2.529885e+000 3.006291e+000 2.419924e+000 -1.237509e+000 -2.840844e+000 -2.634769e-002 1.195031e+000 1.833736e+000 2.142836e+000 4.228014e-001 -1.613007e+000 5.329958e-001 1.119960e-001 -2.391135e-001 -2.393282e-001 1.917584e-002 -1.879045e-001 -6.593086e-001 -7.366456e-003 -1.388642e-001 -6.534874e-001 1.523550e+000
<VARIANCE> 25
 9.871057e+001 2.411757e+002 2.288312e+002 1.614035e+002 1.225379e+002 7.717853e+001 1.268172e+002 9.191799e+001 6.387083e+001 7.338776e+001 6.797581e+001 4.613763e+001 3.960420e+000 1.417648e+001 1.093280e+001 1.229579e+001 9.132249e+000 7.792576e+000 1.143275e+001 8.205837e+000 6.091329e+000 5.744765e+000 6.707373e+000 4.656322e+000 7.317502e+000
<GCONST> 1.282852e+002
~s "ST_d_3_1"
<MEAN> 25
 1.446808e+000 -1.830275e+000 6.306616e+000 -3.210720e+000 -6.417939e+000 -1.893352e+000 -1.541350e-001 -2.405571e+000 -5.921163e+000 3.815085e+000 -1.458048e+000 -2.651018e+000 2.311484e-001 -7.472921e-001 1.032686e+000 -1.722082e+000 -9.462288e-001 -1.011766e+000 -1.950298e-001 -1.832859e-001 -6.044546e-001 1.582236e-001 -4.307628e-001 -4.675583e-001 1.526051e+000
<VARIANCE> 25
 1.351810e+001 6.309332e+001 6.567201e+001 1.007413e+002 1.249180e+002 4.207829e+001 8.655077e+001 3.673784e+001 4.564712e+001 5.725982e+001 3.580391e+001 3.795713e+001 1.604018e+000 4.791266e+000 5.170397e+000 5.164704e+000 7.000232e+000 4.151929e+000 8.086527e+000 4.987564e+000 6.423982e+000 5.786639e+000 4.585180e+000 3.518090e+000 2.107109e+000
<GCONST> 1.127400e+002
~s "ST_d_4_1"
<MEAN> 25
 7.358066e-001 -1.147805e+001 5.153721e+000 4.934053e+000 1.511437e+000 -2.008852e+000 -2.577761e+000 2.431363e+000 -3.845598e+000 6.997588e-001 4.536669e-001 -4.472248e+000 5.142576e-003 5.018077e-001 -1.187085e-001 -2.148233e-001 2.181535e-002 7.486238e-002 -2.087934e-002 -4.398489e-002 2.545833e-001 -1.497586e-001 -1.255282e-002 2.429730e-001 -2.183376e-001
<VARIANCE> 25
 2.652509e+001 1.593900e+002 1.730579e+002 1.770856e+002 1.377645e+002 1.816077e+002 1.415030e+002 8.949361e+001 6.576042e+001 5.909643e+001 8.784390e+001 7.769030e+001 7.994513e-001 5.269016e+000 4.068557e+000 6.394530e+000 5.468197e+000 4.778316e+000 6.929706e+000 4.105698e+000 4.612874e+000 4.383742e+000 4.026718e+000 4.397297e+000 2.025950e+000
<GCONST> 1.191887e+002
~s "ST_g_2_1"
<MEAN> 25
 1.054825e+000 -2.035451e+000 6.742672e+000 8.563044e+000 -1.467584e-001 -2.285301e+000 -3.035792e+000 2.155830e-001 -1.307205e+000 -4.032912e-001 -1.799128e+000 -3.206231e+000 1.287020e-001 -1.172616e+000 -6.418377e-001 -4.188216e-001 3.123774e-001 -1.743702e-001 6.474177e-001 1.652033e-001 -8.761837e-001 5.288436e-001 4.175918e-001 -2.136279e-001 8.351378e-001
<VARIANCE> 25
 3.237679e+001 2.105297e+002 9.019712e+001 1.829828e+002 8.886817e+001 8.254980e+001 8.282326e+001 5.072165e+001 7.572862e+001 6.078904e+001 4.357980e+001 4.703539e+001 2.907653e+000 1.156101e+001 8.141871e+000 1.214123e+001 8.421034e+000 6.808768e+000 9.023651e+000 4.179887e+000 5.189714e+000 7.316201e+000 3.523207e+000 4.213201e+000 6.404827e+000
<GCONST> 1.217682e+002
~s "ST_g_3_1"
<MEAN> 25
 5.963958e-001 -1.169586e+000 -3.364241e+000 -1.565753e+000 6.047209e+000 1.301320e+000 -8.238662e-002 -5.622189e-001 -1.376366e+000 4.547602e+000 3.156415e+000 1.250042e+000 2.934044e-001 -4.071432e-002 -3.263328e-001 -2.666110e+000 -4.109266e-001 -9.476839e-001 -3.762819e-001 -1.181458e+000 -4.064419e-001 6.180795e-002 1.719119e-001 3.599133e-002 1.587518e+000
<VARIANCE> 25
 2.441261e+001 4.107586e+001 9.092665e+001 5.588646e+001 6.269772e+001 6.361265e+001 5.030866e+001 3.666272e+001 5.823343e+001 1.179232e+002 3.131348e+001 3.937653e+001 4.284412e+000 3.806005e+000 5.447856e+000 8.428196e+000 5.712761e+000 4.851173e+000 5.243977e+000 3.277940e+000 6.077422e+000 8.527620e+000 4.498249e+000 3.795474e+000 3.184280e+000
<GCONST> 1.138818e+002
~s "ST_g_4_1"
<MEAN> 25
 2.381156e+000 9.854742e-001 3.211543e+000 -9.809040e+000 -1.220754e+000 -3.481274e+000 -2.597103e-001 -1.890104e+000 -4.746686e+000 -3.205883e+000 -1.462760e+000 -2.625691e+000 8.007906e-001 1.121378e+000 1.041978e+000 -8.567685e-001 -4.527483e-001 -1.095539e+000 -1.098077e+000 -7.661568e-002 -3.200862e-001 -3.836127e-001 -1.791840e+000 -1.112779e+000 5.834367e-001
<VARIANCE> 25
 3.091850e+001 6.926534e+001 5.138814e+001 7.635644e+001 5.171301e+001 3.394844e+001 6.831175e+001 4.405705e+001 7.247268e+001 9.095478e+001 5.014168e+001 3.430788e+001 1.411075e+000 2.211504e+000 2.594773e+000 7.975208e+000 8.041753e+000 2.665646e+000 4.039707e+000 2.938396e+000 5.462027e+000 7.272748e+000 2.968951e+000 1.913881e+000 1.557824e+000
<GCONST> 1.091845e+002
~s "ST_t_2_1"
<MEAN> 25
 2.471678e+000 3.921879e+000 -2.501479e+000 3.203455e+000 8.338851e-002 3.185339e+000 -3.473003e+000 -7.741778e-001 -1.301890e+000 -2.950033e+000 1.617253e-001 1.255260e+000 -8.411741e-001 -1.158536e+000 2.418416e-001 -3.706349e-001 -9.412047e-004 -2.835975e-001 4.711423e-001 2.132708e-001 -2.923438e-001 2.359553e-001 1.471676e-001 -3.804684e-001 6.951143e-001
<VARIANCE> 25
 4.263314e+001 1.081239e+002 8.198280e+001 4.246751e+001 4.171786e+001 7.690394e+001 4.953078e+001 2.987134e+001 4.780847e+001 3.579851e+001 3.739267e+001 5.319750e+001 2.625792e+000 1.302334e+001 4.269882e+000 4.766062e+000 5.708443e+000 7.082398e+000 7.267831e+000 4.142731e+000 3.367730e+000 5.563895e+000 3.997813e+000 4.020379e+000 7.042844e+000
<GCONST> 1.142609e+002
~s "ST_t_3_1"
<MEAN> 25
 -1.963647e+000 -1.830184e+000 1.383144e+000 -5.608130e-001 -1.907448e+000 -2.612092e+000 2.049252e+000 -1.195429e+000 -2.813232e+000 3.349756e+000 1.649851e+000 -1.774356e+000 5.582347e-001 -1.295923e+000 -1.897205e-002 -3.200532e+000 -6.336228e-001 -2.536500e+000 2.058347e-001 -1.157695e+000 -1.959499e-001 1.025288e+000 -4.163092e-002 -4.317604e-001 3.441243e+000
<VARIANCE> 25
 2.146121e+001 7.507915e+001 4.052672e+001 5.063906e+001 9.349490e+001 7.189308e+001 6.739684e+001 5.084680e+001 4.445653e+001 3.936543e+001 3.906873e+001 4.347345e+001 3.421821e+000 6.646734e+000 9.757896e+000 8.427163e+000 6.841948e+000 9.543174e+000 9.043024e+000 5.151102e+000 9.492527e+000 8.337617e+000 4.830141e+000 3.588529e+000 5.032194e+000
<GCONST> 1.172095e+002
~s "ST_t_4_1"
<MEAN> 25
 3.696081e+000 -1.042044e+001 8.111739e-001 -6.351386e-001 -2.967870e+000 -6.062373e-003 3.158314e+000 -1.144514e+000 -6.467711e+000 3.129857e+000 1.085237e+000 -5.419047e+000 2.799026e-001 2.964222e-001 -3.670361e-001 -7.825303e-001 9.312461e-002 1.794045e-001 -7.372532e-002 -5.299228e-002 3.118754e-001 -2.803079e-001 -1.821522e-001 2.128982e-001 6.907719e-002
<VARIANCE> 25
 1.789870e+001 2.039480e+002 1.068072e+002 1.177605e+002 1.146804e+002 8.045583e+001 1.597132e+002 8.116734e+001 7.981307e+001 5.652122e+001 5.330955e+001 7.679401e+001 1.668427e+000 4.060192e+000 4.389592e+000 6.835779e+000 4.203029e+000 3.644507e+000 7.557908e+000 5.219503e+000 5.661163e+000 3.889010e+000 3.981928e+000 2.845330e+000 2.202986e+000
<GCONST> 1.169481e+002
~s "ST_ao_2_1"
<MEAN> 25
 6.370753e+000 8.445076e-001 -4.396023e+000 -1.029575e+001 2.884215e+000 -4.446716e+000 -2.258860e+000 -3.301560e+000 -2.798112e+000 5.302776e+000 -1.851198e+000 -3.504673e+000 8.940333e-001 -9.035766e-001 -5.281942e-001 -2.862600e+000 -7.504780e-001 -4.503535e-001 1.050823e+000 -2.407473e-001 5.587814e-001 1.086863e+000 1.458311e-002 -9.608037e-001 1.364658e+000
<VARIANCE> 25
 1.465868e+001 2.804203e+001 5.046025e+001 5.192818e+001 9.678298e+001 4.467614e+001 5.801161e+001 3.615244e+001 5.544816e+001 6.863971e+001 3.170616e+001 3.089188e+001 2.507943e+000 5.647897e-001 3.006241e+000 4.757303e+000 5.683448e+000 3.652709e+000 1.175367e+001 3.704988e+000 7.361989e+000 5.210401e+000 3.729337e+000 2.642848e+000 7.646298e-001
<GCONST> 1.064705e+002
~s "ST_ao_3_1"
<MEAN> 25
 6.540704e+000 -1.207566e+000 -4.108894e+000 -1.634428e+001 1.355095e+000 -4.385621e+000 3.490466e+000 -6.438937e-001 1.684239e-001 5.060556e+000 -5.593252e-001 -6.567899e+000 9.481154e-002 -6.743881e-001 -3.732449e-001 3.053456e-001 -4.517126e-001 8.604483e-002 4.057263e-001 5.320627e-001 7.070609e-001 -7.014974e-003 2.959273e-001 -3.754620e-001 1.600642e-001
<VARIANCE> 25
 5.344379e+000 2.026385e+001 5.702689e+001 2.122581e+001 4.617929e+001 4.937669e+001 4.509634e+001 1.303721e+002 6.552821e+001 5.828133e+001 3.003221e+001 3.092950e+001 1.637051e-001 3.064792e-001 5.806465e-001 1.572201e+000 1.008286e+000 1.638179e+000 2.013999e+000 1.754455e+000 2.231753e+000 2.380732e+000 1.376444e+000 1.504716e+000 2.035159e-001
<GCONST> 8.871048e+001
~s "ST_ao_4_1"
<MEAN> 25
 1.248391e+001 -2.040889e-001 -7.094661e+000 -1.398631e+001 -5.197200e+000 -7.556879e-002 -7.845996e+000 -3.464998e+000 2.193808e+000 3.977533e+000 9.891127e-001 -3.879193e+000 6.045724e-002 -4.155275e-001 -1.432624e-001 6.363330e-001 -3.874119e-001 6.811086e-002 -3.299459e-002 6.533306e-002 5.424122e-001 -4.273695e-001 -3.886595e-001 1.141233e-001 -5.683032e-002
<VARIANCE> 25
 1.627543e+001 2.116090e+001 1.704630e+001 2.778795e+001 3.362130e+001 2.844993e+001 6.511951e+001 4.271366e+001 4.624235e+001 4.262927e+001 2.526570e+001 2.523543e+001 1.336402e-001 9.110491e-001 7.251032e-001 2.389044e+000 1.786099e+000 1.802834e+000 1.432801e+000 1.662343e+000 2.403422e+000 3.199189e+000 2.458066e+000 1.277048e+000 9.457897e-002
<GCONST> 8.809380e+001
~s "ST_sil_2_1"
<MEAN> 25
 -1.500550e+001 6.349124e+000 -2.903789e+000 1.094948e+001 -2.277490e+000 7.127607e+000 -4.447275e+000 1.017962e+001 9.623181e+000 4.024209e+000 4.813523e+000 1.923023e+000 -2.824386e-002 3.400063e-002 -2.589421e-003 -6.171209e-002 1.781188e-003 5.670532e-002 -3.842425e-002 -2.207771e-002 1.062277e-001 1.038878e-001 4.698852e-002 -6.381610e-002 -2.208051e-002
<VARIANCE> 25
 3.152815e+001 1.459021e+001 2.384422e+001 2.725575e+001 1.727244e+001 1.945369e+001 1.971870e+001 3.191408e+001 3.321284e+001 1.917286e+001 1.893543e+001 1.442976e+001 1.314998e-001 2.515146e-001 3.270127e-001 5.015582e-001 6.783910e-001 8.425623e-001 1.043047e+000 1.236598e+000 1.162117e+000 1.493350e+000 1.307475e+000 1.322166e+000 1.564276e-001
<GCONST> 7.660533e+001
~s "silst"
<MEAN> 25
 -5.492511e+000 4.111393e+000 -9.124302e+000 3.923307e+000 -6.455676e+000 5.982052e+000 -7.740474e-001 2.224983e+000 -2.575888e+000 6.094985e+000 -6.803182e-001 3.584272e+000 1.805200e-001 -1.219063e-001 1.591516e-001 -4.949729e-002 1.367837e-001 -8.094608e-002 1.093739e-001 -3.239448e-002 -6.701683e-002 -7.763934e-002 -2.844151e-002 3.140542e-002 9.530882e-001
<VARIANCE> 25
 1.893191e+001 1.053646e+001 1.217254e+001 1.024262e+001 1.839971e+001 1.181843e+001 1.870652e+001 1.185413e+001 1.755229e+001 1.378792e+001 1.046445e+001 1.005601e+001 2.040117e+000 4.531861e-001 9.229217e-001 6.339200e-001 8.495508e-001 8.630779e-001 1.012443e+000 9.344994e-001 1.105494e+000 8.855412e-001 9.287797e-001 6.787778e-001 7.318065e+000
<GCONST> 7.752460e+001
~s "ST_sil_3_1"
<MEAN> 25
 -5.492511e+000 4.111393e+000 -9.124302e+000 3.923307e+000 -6.455676e+000 5.982052e+000 -7.740474e-001 2.224983e+000 -2.575888e+000 6.094985e+000 -6.803182e-001 3.584272e+000 1.805200e-001 -1.219063e-001 1.591516e-001 -4.949729e-002 1.367837e-001 -8.094608e-002 1.093739e-001 -3.239448e-002 -6.701683e-002 -7.763934e-002 -2.844151e-002 3.140542e-002 9.530882e-001
<VARIANCE> 25
 1.893191e+001 1.053646e+001 1.217254e+001 1.024262e+001 1.839971e+001 1.181843e+001 1.870652e+001 1.185413e+001 1.755229e+001 1.378792e+001 1.046445e+001 1.005601e+001 2.040117e+000 4.531861e-001 9.229217e-001 6.339200e-001 8.495508e-001 8.630779e-001 1.012443e+000 9.344994e-001 1.105494e+000 8.855412e-001 9.287797e-001 6.787778e-001 7.318065e+000
<GCONST> 7.752460e+001
~s "ST_sil_4_1"
<MEAN> 25
 -3.151871e+000 3.072204e+000 4.899330e-001 1.919809e+000 1.238882e+000 2.610207e+000 1.569228e+000 1.583398e+000 2.389467e+000 1.965934e+000 1.589615e+000 1.166973e+000 -2.213592e-002 3.196021e-002 1.259133e-002 -7.862379e-003 3.407714e-003 3.697084e-002 2.783554e-002 3.465360e-003 -1.403480e-002 2.824102e-002 2.154367e-002 -1.064191e-002 -1.178452e-002
<VARIANCE> 25
 1.684543e+001 4.316432e+001 1.607060e+001 2.149197e+001 2.061682e+001 2.051416e+001 2.789257e+001 2.227252e+001 2.245802e+001 2.794762e+001 1.749121e+001 1.600815e+001 1.768022e-001 4.134587e-001 6.069641e-001 8.130018e-001 9.776098e-001 1.167178e+000 1.261879e+000 1.337074e+000 1.444403e+000 1.498352e+000 1.322302e+000 1.212403e+000 9.332754e-002
<GCONST> 7.914160e+001
~s "ST_j_2_1"
<MEAN> 25
 9.823769e+000 -1.203326e+001 -4.687632e+000 3.435065e+000 -7.726068e+000 2.451787e+000 -5.166655e+000 -4.930240e+000 -3.559006e+000 -3.517685e-002 -1.260354e+000 -3.680831e+000 8.259066e-002 7.725111e-001 -3.464828e-001 1.000976e+000 -5.672543e-002 -2.534814e-001 1.649003e-001 -4.685008e-001 2.376142e-001 1.204719e-001 -4.529034e-001 -2.787939e-001 -6.110001e-001
<VARIANCE> 25
 6.088347e+000 9.889258e+001 1.996964e+001 5.554153e+001 1.870957e+001 2.017513e+001 7.144526e+001 2.234217e+001 2.477710e+001 3.108489e+001 1.405135e+002 2.001923e+001 7.091116e-001 6.490659e-001 2.350095e-001 2.331830e+000 1.964305e+000 2.010663e+000 3.049222e+000 1.547801e+000 2.568649e+000 2.262502e+000 4.603662e+000 1.131639e+000 3.327811e-001
<GCONST> 9.111420e+001
~s "ST_j_3_1"
<MEAN> 25
 2.102084e+000 3.743515e+000 7.860676e-001 6.648744e+000 -3.470691e+000 2.916025e+000 -3.272576e+000 -3.700246e+000 -1.747991e+000 1.443509e-001 -2.402247e+000 -6.163451e+000 -1.034957e+000 3.416055e-001 5.313943e-003 -5.077909e-001 1.923816e-001 5.946440e-001 3.522001e-001 9.227728e-001 8.220299e-001 6.490157e-001 7.534108e-001 -3.855705e-001 -8.199710e-001
<VARIANCE> 25
 2.075568e+001 4.625645e+001 8.024656e+001 2.628947e+001 4.191591e+001 4.785682e+001 5.352476e+001 1.894152e+001 1.586986e+001 3.831390e+001 3.635345e+001 4.586110e+001 1.206871e+000 1.196875e+000 2.408609e+000 3.173257e+000 2.925695e+000 1.751234e+000 4.100894e+000 1.533456e+000 1.863575e+000 3.237675e+000 3.114897e+000 2.951329e+000 1.005685e+000
<GCONST> 9.871835e+001
~s "ST_j_4_1"
<MEAN> 25
 -3.588457e+000 5.805418e+000 5.980331e+000 -3.739373e+000 -3.147564e+000 -6.307000e+000 -5.217537e+000 1.230774e+000 -9.840853e-002 7.024929e+000 4.541603e+000 -3.725108e+000 -4.978674e-003 -3.450341e-001 1.334974e-001 -8.989618e-001 3.324563e-002 -6.856007e-001 2.350818e-001 -3.149269e-002 -2.869257e-001 2.341830e-001 2.742022e-001 2.028190e-001 8.555653e-001
<VARIANCE> 25
 5.492023e+001 7.537712e+001 2.870422e+001 6.612495e+001 7.234226e+001 1.255881e+002 6.024487e+001 3.305926e+001 6.436172e+001 3.044263e+001 2.933847e+001 7.840373e+001 3.963515e+000 6.233015e+000 4.216149e+000 5.318329e+000 8.429094e+000 8.986635e+000 3.350659e+000 6.115622e+000 6.205361e+000 4.201107e+000 3.119948e+000 3.757805e+000 7.510651e+000
<GCONST> 1.152594e+002
~s "ST_w_2_1"
<MEAN> 25
 5.016112e+000 6.398443e+000 8.130188e+000 -5.789288e+000 -2.072961e+000 -3.477993e+000 -6.570428e+000 -3.540225e+000 -8.634449e+000 -3.960508e-001 -5.820502e+000 -1.718607e+000 1.386014e-001 3.252302e-001 -2.873640e-001 1.435935e-001 2.169958e-001 -2.852522e-001 -1.713655e-001 3.112512e-001 3.028877e-004 2.387815e-001 3.055131e-001 2.259508e-001 -2.224820e-001
<VARIANCE> 25
 1.698058e+001 1.349022e+001 5.524969e+001 1.206605e+002 3.020099e+001 2.568048e+001 2.380027e+001 3.795700e+001 2.808405e+001 5.477302e+001 2.954225e+001 2.916451e+001 1.606190e-001 2.503895e-001 8.376577e-001 1.149199e+000 8.312474e-001 1.278993e+000 1.471436e+000 1.244099e+000 1.162216e+000 2.027870e+000 1.223788e+000 9.603326e-001 1.314720e-001
<GCONST> 8.414692e+001
~s "ST_w_3_1"
<MEAN> 25
 6.536835e+000 4.263529e+000 9.725249e-001 -1.346131e+001 4.326529e+000 -6.220078e+000 -2.397902e+000 2.151516e+000 -4.069491e+000 4.734322e-001 1.553535e+000 -2.594586e+000 -4.500887e-001 -1.654884e+000 -3.189269e-001 -9.637952e-001 5.568501e-001 2.340970e-001 1.405696e+000 -3.449188e-001 1.268821e+000 -8.389270e-001 -4.333178e-002 -7.687609e-001 1.400417e+000
<VARIANCE> 25
 9.350926e+000 5.375687e+001 5.840701e+001 5.741935e+001 5.565308e+001 6.907133e+001 3.996238e+001 4.349753e+001 5.184628e+001 1.586604e+002 5.858505e+001 4.047416e+001 4.894575e-001 2.441079e+000 2.844167e+000 5.016512e+000 2.622180e+000 1.974597e+000 2.971043e+000 3.333443e+000 3.578859e+000 1.011277e+001 8.745490e+000 4.256459e+000 1.222244e+000
<GCONST> 1.069656e+002
~s "ST_w_4_1"
<MEAN> 25
 4.992701e-001 4.174278e+000 2.936813e+000 -8.687510e+000 3.123709e+000 -4.826673e+000 3.018107e+000 1.771436e+000 7.676172e-001 -4.260478e+000 1.401597e+000 1.966959e+000 -3.490994e-002 -1.995441e-001 -1.429123e-001 1.470649e-001 -1.297857e-001 -6.844636e-002 3.465477e-002 -2.125992e-001 -2.952484e-001 8.094901e-002 2.055155e-001 1.633303e-001 -3.385837e-002
<VARIANCE> 25
 2.718642e+001 1.907047e+002 1.900572e+001 2.540295e+001 2.753019e+001 3.472735e+001 8.067120e+001 2.784924e+001 3.924975e+001 2.089158e+001 2.819527e+001 3.555328e+001 1.592714e-001 7.096701e-001 7.556182e-001 7.432680e-001 1.107254e+000 1.373160e+000 1.292687e+000 2.201835e+000 2.000102e+000 1.917741e+000 1.976447e+000 2.134263e+000 2.194496e-001
<GCONST> 8.885458e+001
~s "ST_ng_2_1"
<MEAN> 25
 3.063344e+000 -4.212451e+000 -3.239705e+000 -3.325383e+000 8.289044e+000 -2.830087e+000 1.102864e+000 -4.034800e+000 3.218138e+000 -8.500744e-001 5.545192e+000 -3.217295e+000 -2.106969e-002 7.692712e-001 3.340489e-001 8.805541e-001 -6.071510e-002 4.356310e-001 -3.252165e-001 3.276170e-001 -7.370567e-002 -2.019254e-001 -3.839056e-001 -2.070299e-001 -7.827567e-001
<VARIANCE> 25
 6.455870e+000 3.039713e+001 1.845538e+001 4.634373e+001 4.030810e+001 4.136850e+001 4.005647e+001 2.578470e+001 3.594805e+001 4.756285e+001 5.686430e+001 2.585395e+001 3.646356e-001 1.541890e+000 1.040985e+000 2.581036e+000 1.918890e+000 1.383016e+000 3.225512e+000 1.831058e+000 2.720512e+000 2.454356e+000 3.794691e+000 1.859402e+000 1.231636e+000
<GCONST> 9.429951e+001
~s "ST_ng_3_1"
<MEAN> 25
 2.036999e+000 6.238256e+000 1.883043e+000 4.165984e+000 2.526113e+000 7.534468e-001 1.859032e-001 -1.734584e+000 -1.681069e+000 -2.058284e+000 -3.871273e+000 -3.102302e+000 -3.662778e-001 -1.847563e-002 8.819667e-002 2.572667e-001 -2.712313e-001 1.786298e-002 1.763183e-002 4.826994e-001 4.010262e-001 4.158693e-001 3.817487e-001 3.142145e-001 -3.962950e-001
<VARIANCE> 25
 1.281359e+001 4.650892e+001 1.776062e+001 2.264398e+001 2.323972e+001 1.835212e+001 2.426930e+001 3.152062e+001 4.840108e+001 3.201244e+001 2.852084e+001 3.579543e+001 3.985567e-001 6.479025e-001 7.218766e-001 9.454495e-001 1.181413e+000 1.572975e+000 1.718773e+000 1.614232e+000 1.888253e+000 1.717374e+000 1.840818e+000 1.581549e+000 2.118532e-001
<GCONST> 8.590096e+001
~s "ST_m_2_1"
<MEAN> 25
 2.619604e+000 3.281883e+000 -7.471825e-001 -2.729147e+000 6.308423e-001 1.208440e+000 -1.986889e+000 -2.702389e+000 -1.834683e+000 -2.049906e+000 -1.690073e+000 -3.666650e-001 -1.899957e-001 9.632359e-001 5.139851e-001 4.126829e-001 -1.176176e-001 -1.086427e-001 -1.974750e-001 -1.303000e-001 -7.889920e-002 -4.192394e-002 -2.483892e-001 -6.072902e-002 -6.084662e-001
<VARIANCE> 25
 2.945938e+001 5.696883e+001 5.326817e+001 9.179617e+001 5.086252e+001 6.022790e+001 5.990114e+001 3.681724e+001 4.071070e+001 3.984675e+001 3.743668e+001 3.098140e+001 1.035147e+000 2.634430e+000 2.540255e+000 5.986302e+000 3.014879e+000 3.366596e+000 3.277014e+000 2.996168e+000 2.842966e+000 3.044544e+000 2.801134e+000 2.455352e+000 1.092540e+000
<GCONST> 1.045425e+002
~s "ST_ng_4_1"
<MEAN> 25
 -1.793932e+000 1.694049e-001 -4.049565e+000 1.946985e+000 -1.965749e+000 2.582907e+000 2.874123e+000 -1.927143e-001 1.161178e-001 4.216397e+000 4.488297e-001 2.935940e+000 -7.430615e-002 -3.795302e-002 -7.552686e-002 -8.573701e-002 -3.636773e-002 -5.836812e-003 -1.832381e-002 -2.496858e-002 -8.423274e-002 1.251192e-002 1.298047e-002 8.206865e-002 -6.150508e-002
<VARIANCE> 25
 6.282988e+000 1.372120e+001 1.823949e+001 1.438608e+001 1.884784e+001 1.094212e+001 1.583449e+001 1.437491e+001 1.587506e+001 2.007778e+001 1.073665e+001 1.790365e+001 1.416906e-001 2.857760e-001 5.286742e-001 8.988646e-001 7.593811e-001 7.860491e-001 9.240119e-001 8.627460e-001 1.222220e+000 1.157359e+000 1.105121e+000 8.233209e-001 1.091603e-001
<GCONST> 7.109739e+001
~s "ST_ng_4_2"
<MEAN> 25
 -5.128231e-002 4.001940e-001 1.683341e+000 5.478168e+000 9.655787e-001 1.559943e+000 1.732096e-001 2.126123e+000 2.971768e-001 -1.021029e+000 1.381721e+000 -1.350489e-001 -6.589318e-002 3.208115e-002 6.320868e-002 1.322872e-002 -2.374564e-002 1.312430e-002 -5.053651e-002 3.790358e-002 1.459394e-001 7.475337e-002 8.165904e-003 -1.936839e-002 -2.379111e-002
<VARIANCE> 25
 7.059608e+000 4.027619e+000 7.523079e+000 1.071900e+001 9.776320e+000 1.097807e+001 1.859683e+001 1.729885e+001 1.416893e+001 1.632710e+001 1.516305e+001 1.221194e+001 1.510027e-001 3.008955e-001 4.290853e-001 7.064294e-001 1.002767e+000 1.069210e+000 1.227221e+000 1.270576e+000 1.388464e+000 1.384145e+000 1.340489e+000 1.101513e+000 7.151134e-002
<GCONST> 6.943306e+001
~s "ST_m_3_1"
<MEAN> 25
 3.482206e+000 4.292922e+000 1.940251e+000 3.926577e+000 2.997655e+000 -1.622486e-001 -1.581731e+000 -2.567140e+000 -3.307295e+000 -4.745049e+000 -4.885689e+000 -3.184243e+000 -3.628519e-001 1.863262e-002 1.714690e-001 2.881005e-001 7.891724e-002 1.877742e-001 2.022495e-001 3.174963e-001 2.463344e-001 2.660889e-001 2.268821e-001 1.570462e-001 -2.829563e-001
<VARIANCE> 25
 1.819502e+001 2.099274e+001 1.562812e+001 3.086501e+001 2.857023e+001 2.062569e+001 2.447429e+001 3.264474e+001 3.409395e+001 2.217850e+001 2.492827e+001 2.288367e+001 2.963514e-001 4.857722e-001 7.246321e-001 1.069254e+000 1.172943e+000 1.174999e+000 1.456759e+000 1.461661e+000 1.730311e+000 1.344439e+000 1.460654e+000 1.217877e+000 1.513427e-001
<GCONST> 8.252310e+001
~s "ST_m_3_2"
<MEAN> 25
 6.658643e+000 3.906934e+000 1.738551e+000 4.630467e+000 -7.907988e-001 -3.248506e+000 -5.194427e+000 -6.540431e+000 -1.773252e+000 -5.647851e-001 -4.574106e+000 -3.718044e+000 -6.038274e-002 4.570935e-001 6.194108e-001 3.845720e-001 -4.805463e-001 -1.160814e-001 -1.126795e-001 3.610293e-001 5.872139e-002 -1.921257e-001 7.039662e-002 -6.866787e-002 -3.305871e-001
<VARIANCE> 25
 1.350211e+001 1.655771e+001 1.284101e+001 2.158771e+001 1.739964e+001 3.441495e+001 5.534510e+001 4.827195e+001 1.877058e+001 2.205162e+001 2.873228e+001 2.637959e+001 1.292903e-001 3.501081e-001 4.738194e-001 7.612706e-001 8.706189e-001 9.418464e-001 8.960878e-001 1.690172e+000 1.074087e+000 1.607473e+000 1.470370e+000 1.062594e+000 6.617289e-002
<GCONST> 7.830168e+001
~s "ST_m_4_1"
<MEAN> 25
 -4.011159e+000 3.730365e+000 1.271860e+000 1.106375e+000 1.520600e+000 1.973881e+000 2.177195e+000 2.718961e+000 3.344358e+000 1.675221e+000 2.385962e+000 5.368330e-001 -1.241714e-002 6.796498e-003 4.041620e-002 2.030920e-002 -1.149971e-002 -1.902694e-003 -1.234225e-002 -1.517083e-002 3.474270e-002 3.973751e-002 6.396698e-003 -2.980181e-002 2.274112e-002
<VARIANCE> 25
 7.029649e+000 5.108555e+001 1.074077e+001 2.245780e+001 2.130275e+001 1.596867e+001 2.557220e+001 1.567509e+001 1.771222e+001 2.244083e+001 1.402187e+001 1.405118e+001 1.134199e-001 2.946973e-001 4.937415e-001 7.166191e-001 1.036388e+000 1.211098e+000 1.275280e+000 1.358285e+000 1.604407e+000 1.778851e+000 1.330917e+000 1.161513e+000 4.341513e-002
<GCONST> 7.509436e+001
~s "ST_m_4_2"
<MEAN> 25
 -1.958702e+000 9.196525e+000 2.132486e+000 3.434448e-001 -7.274989e-001 1.308918e+000 -5.004852e-001 2.252643e+000 2.967713e+000 -1.036986e+000 5.696780e-001 1.768155e+000 -6.216515e-002 2.100271e-002 8.814073e-002 4.480555e-002 -2.497400e-002 -4.542099e-002 -2.869547e-002 7.166944e-003 5.636441e-002 7.907063e-002 6.144595e-002 1.156170e-002 -2.096675e-002
<VARIANCE> 25
 1.078393e+001 6.596247e+001 1.235246e+001 3.916238e+001 1.832404e+001 2.233654e+001 2.573367e+001 1.798709e+001 2.439038e+001 2.489906e+001 1.720176e+001 1.821836e+001 1.478131e-001 3.406024e-001 6.797107e-001 8.394873e-001 1.133887e+000 1.341675e+000 1.493032e+000 1.536498e+000 1.651999e+000 1.706863e+000 1.402480e+000 1.269313e+000 6.575110e-002
<GCONST> 7.959547e+001
~s "ST_m_4_3"
<MEAN> 25
 -1.280520e+000 1.300516e+000 2.000435e+000 5.056454e+000 8.306898e-001 1.334095e+000 1.209691e+000 2.472076e+000 5.842021e-001 5.620689e-001 1.099182e+000 -7.079114e-001 -7.318896e-003 1.342583e-003 -3.735078e-003 3.186464e-002 1.104488e-002 2.752402e-002 8.820184e-002 6.173335e-002 5.680924e-002 4.050078e-002 7.214584e-003 -4.442622e-003 -2.331866e-002
<VARIANCE> 25
 1.165153e+001 5.867126e+000 4.711452e+000 9.774555e+000 1.483742e+001 1.420149e+001 1.813557e+001 1.635925e+001 2.068704e+001 1.924953e+001 1.391587e+001 1.157507e+001 1.219275e-001 2.653668e-001 4.003739e-001 6.740149e-001 8.873944e-001 1.184211e+000 9.910403e-001 1.247322e+000 1.386634e+000 1.370377e+000 1.201441e+000 1.116655e+000 4.170274e-002
<GCONST> 6.939297e+001
~s "ST_c_2_1"
<MEAN> 25
 1.292055e-008 1.831648e-008 -6.299361e-008 6.397928e-009 6.513714e-008 4.146926e-008 -2.503356e-008 -3.737221e-008 4.785829e-009 -8.260601e-008 4.838081e-008 -2.966501e-008 7.700191e-003 5.403126e-003 9.986212e-003 -4.435305e-003 5.198286e-003 1.178548e-003 5.735684e-003 -2.200497e-003 -9.225003e-004 -6.409926e-004 -2.520854e-003 -2.406914e-003 2.725629e-002
<VARIANCE> 25
 4.587285e+001 1.030148e+002 6.019880e+001 7.829473e+001 5.465159e+001 4.961901e+001 6.176896e+001 4.825900e+001 4.880714e+001 4.872197e+001 3.755544e+001 3.288158e+001 1.069084e+000 2.243620e+000 1.931021e+000 2.910384e+000 2.554792e+000 2.477852e+000 2.995093e+000 2.747025e+000 2.618064e+000 2.724945e+000 2.375594e+000 2.010036e+000 1.498881e+000
<GCONST> 1.041510e+002
~s "ST_c_3_1"
<MEAN> 25
 1.292055e-008 1.831648e-008 -6.299361e-008 6.397928e-009 6.513714e-008 4.146926e-008 -2.503356e-008 -3.737221e-008 4.785829e-009 -8.260601e-008 4.838081e-008 -2.966501e-008 7.700191e-003 5.403126e-003 9.986212e-003 -4.435305e-003 5.198286e-003 1.178548e-003 5.735684e-003 -2.200497e-003 -9.225003e-004 -6.409926e-004 -2.520854e-003 -2.406914e-003 2.725629e-002
<VARIANCE> 25
 4.587285e+001 1.030148e+002 6.019880e+001 7.829473e+001 5.465159e+001 4.961901e+001 6.176896e+001 4.825900e+001 4.880714e+001 4.872197e+001 3.755544e+001 3.288158e+001 1.069084e+000 2.243620e+000 1.931021e+000 2.910384e+000 2.554792e+000 2.477852e+000 2.995093e+000 2.747025e+000 2.618064e+000 2.724945e+000 2.375594e+000 2.010036e+000 1.498881e+000
<GCONST> 1.041510e+002
~s "ST_eh_2_1"
<MEAN> 25
 1.167598e+000 -4.415107e+000 1.066007e+000 -7.624876e+000 -3.520829e+000 -3.846039e+000 8.478013e+000 -3.023213e+000 -3.395042e+000 6.390644e-001 -3.384205e+000 -1.356637e+000 5.860136e-001 5.372891e-001 -3.144662e-001 6.442263e-001 2.150638e-001 -2.077080e-001 -1.027542e+000 -7.682497e-001 4.010396e-002 -1.487461e-001 -1.003262e-001 2.126708e-002 -1.774306e-001
<VARIANCE> 25
 1.400381e+001 3.771849e+001 5.526144e+001 4.904934e+001 6.891031e+001 4.492060e+001 7.739671e+001 3.229098e+001 5.597378e+001 4.569134e+001 4.999934e+001 2.802568e+001 1.975330e+000 3.114247e+000 2.082644e+000 4.255900e+000 3.898592e+000 3.545016e+000 4.413435e+000 2.813121e+000 2.940029e+000 3.456612e+000 3.104498e+000 1.882030e+000 3.909852e+000
<GCONST> 1.056658e+002
~s "ST_eh_2_2"
<MEAN> 25
 -6.328347e-002 2.755322e-001 -3.244029e+000 -1.801498e+000 -2.351299e-001 -8.563266e-001 1.166001e+000 4.691444e-001 2.075899e+000 1.893551e+000 1.805817e+000 -8.182049e-001 1.644479e+000 -3.240333e-001 -3.416474e-001 -1.173347e+000 -6.468437e-001 -9.103340e-001 -8.976057e-001 -1.331013e-001 -3.037558e-001 -8.991814e-001 -9.575633e-001 -1.135280e-001 1.327042e+000
<VARIANCE> 25
 3.211803e+001 1.856507e+001 2.616654e+001 4.689697e+001 4.105193e+001 3.728995e+001 3.361313e+001 3.231864e+001 2.997226e+001 3.319546e+001 2.290293e+001 3.223774e+001 4.429820e+000 2.203081e+000 2.380265e+000 3.191910e+000 2.513713e+000 3.277020e+000 3.761920e+000 3.384083e+000 3.407704e+000 4.212430e+000 3.860598e+000 2.292058e+000 3.252165e+000
<GCONST> 1.022637e+002
~s "ST_c_4_1"
<MEAN> 25
 1.292055e-008 1.831648e-008 -6.299361e-008 6.397928e-009 6.513714e-008 4.146926e-008 -2.503356e-008 -3.737221e-008 4.785829e-009 -8.260601e-008 4.838081e-008 -2.966501e-008 7.700191e-003 5.403126e-003 9.986212e-003 -4.435305e-003 5.198286e-003 1.178548e-003 5.735684e-003 -2.200497e-003 -9.225003e-004 -6.409926e-004 -2.520854e-003 -2.406914e-003 2.725629e-002
<VARIANCE> 25
 4.587285e+001 1.030148e+002 6.019880e+001 7.829473e+001 5.465159e+001 4.961901e+001 6.176896e+001 4.825900e+001 4.880714e+001 4.872197e+001 3.755544e+001 3.288158e+001 1.069084e+000 2.243620e+000 1.931021e+000 2.910384e+000 2.554792e+000 2.477852e+000 2.995093e+000 2.747025e+000 2.618064e+000 2.724945e+000 2.375594e+000 2.010036e+000 1.498881e+000
<GCONST> 1.041510e+002
~s "ST_eh_3_1"
<MEAN> 25
 8.019443e+000 -1.508419e+000 -2.930252e+000 -3.812409e+000 -4.664593e+000 -1.054150e+000 -5.294127e-001 -3.030316e+000 -3.930618e+000 -2.463475e+000 -2.600641e+000 4.234734e-001 4.516842e-001 -6.874882e-002 4.278626e-002 3.827832e-001 2.931697e-001 -3.261676e-001 -5.166969e-001 5.210214e-001 -3.477540e-001 -2.935927e-001 -9.811217e-002 2.276326e-001 1.666114e-002
<VARIANCE> 25
 2.560781e+001 4.654114e+001 6.227486e+001 3.503364e+001 4.831427e+001 5.042608e+001 5.834597e+001 6.889073e+001 5.404043e+001 4.785518e+001 4.820402e+001 3.708600e+001 2.669459e+000 4.593362e+000 2.416357e+000 3.622996e+000 3.864466e+000 3.992710e+000 4.137369e+000 7.162075e+000 3.322722e+000 5.035663e+000 4.154912e+000 3.743115e+000 4.162225e+000
<GCONST> 1.099506e+002
~s "ST_eh_4_1"
<MEAN> 25
 7.424392e+000 -4.417951e-001 -1.355025e+000 -1.393751e+000 -4.866248e+000 -3.964203e+000 -3.639683e+000 -3.021151e+000 -4.898480e+000 -4.039025e+000 -3.218949e+000 9.695812e-002 -1.143513e-001 4.917912e-001 -8.573471e-003 4.008033e-001 3.687383e-001 4.265630e-002 -3.563969e-001 1.896712e-002 2.288595e-001 -1.730133e-001 3.458556e-001 -8.236641e-002 -4.035036e-001
<VARIANCE> 25
 2.131150e+001 7.839005e+001 3.050290e+001 5.513042e+001 6.424546e+001 4.865192e+001 4.317344e+001 3.215984e+001 3.292622e+001 4.974218e+001 2.683712e+001 2.896373e+001 5.394246e-001 2.113052e+000 1.095259e+000 2.552946e+000 2.245988e+000 2.193603e+000 2.244971e+000 2.362080e+000 1.893086e+000 2.430790e+000 1.849296e+000 1.929332e+000 8.607899e-001
<GCONST> 9.720624e+001
~s "ST_eh_4_2"
<MEAN> 25
 7.883097e+000 -2.279914e+000 -1.077446e+000 -2.237355e+000 -5.401664e+000 -8.883088e+000 -2.867656e+000 1.837538e+000 -4.477324e+000 -7.380449e+000 -4.854551e+000 2.770379e+000 -1.146132e+000 1.028307e+000 4.580139e-002 7.551968e-001 7.032331e-002 4.039465e-001 5.942754e-001 -7.595066e-001 -3.375111e-001 5.446559e-001 6.400644e-001 -7.776877e-001 -3.694166e-001
<VARIANCE> 25
 2.239918e+001 4.308673e+001 1.779335e+001 3.006148e+001 2.720196e+001 4.503627e+001 3.473617e+001 2.983744e+001 3.212562e+001 3.358424e+001 3.263142e+001 3.178524e+001 2.413575e+000 2.063107e+000 1.026387e+000 1.102392e+000 2.503694e+000 4.786847e+000 3.299882e+000 1.838836e+000 1.894658e+000 2.204366e+000 1.517765e+000 2.749956e+000 3.689236e-001
<GCONST> 9.496017e+001
~s "ST_p_2_1"
<MEAN> 25
 2.411543e+000 3.878397e-001 -3.501412e+000 -4.833209e-002 4.187492e-003 1.992336e+000 -1.413803e+000 -4.154128e-001 -2.808989e-001 9.006005e-001 -8.553293e-001 -4.718753e-001 -1.987209e-001 -6.229121e-001 1.685271e-001 -6.712688e-001 3.506705e-001 -2.039276e-002 1.194411e+000 2.420945e-001 -2.118682e-002 -4.041792e-001 5.241971e-002 9.256834e-002 1.067082e+000
<VARIANCE> 25
 4.516093e+001 8.942343e+001 4.038994e+001 8.067332e+001 3.992088e+001 4.618640e+001 6.469474e+001 5.698254e+001 4.868393e+001 5.287164e+001 4.974727e+001 3.882436e+001 4.714656e+000 5.917973e+000 2.617760e+000 5.567604e+000 4.042713e+000 4.506047e+000 3.848785e+000 4.425624e+000 3.882613e+000 4.964809e+000 3.143685e+000 3.384017e+000 1.093805e+001
<GCONST> 1.129518e+002
~s "ST_p_3_1"
<MEAN> 25
 -8.712322e-001 3.383605e+000 -2.551485e+000 -1.601890e+000 2.810986e-001 1.113564e+000 9.523392e-001 9.162676e-001 6.976938e-002 -3.205640e+000 -3.004015e-001 2.693055e+000 -2.973183e-001 2.351584e-001 2.633096e-001 3.130302e-001 2.598875e-002 1.362951e-001 1.270693e-001 1.364999e-001 1.875706e-001 2.406469e-001 4.419957e-002 -8.334888e-002 -2.506899e-001
<VARIANCE> 25
 7.207414e+000 8.544129e+001 1.854767e+001 3.254414e+001 2.153681e+001 2.286050e+001 3.019816e+001 2.923080e+001 2.568777e+001 2.817405e+001 2.223712e+001 2.470436e+001 2.736595e-001 5.824642e-001 9.007260e-001 1.159266e+000 1.273619e+000 1.631394e+000 1.976174e+000 1.578848e+000 1.517376e+000 1.636425e+000 1.628061e+000 1.702679e+000 2.512668e-001
<GCONST> 8.527203e+001
~s "ST_p_4_1"
<MEAN> 25
 -1.463849e+000 1.560834e+000 1.557412e+000 4.886713e+000 -6.329635e-002 1.226076e+000 3.131034e+000 2.667928e+000 2.240477e+000 1.934647e+000 2.275450e+000 5.501580e-002 -4.364678e-002 -4.681545e-002 -3.357462e-003 7.445810e-002 -2.733726e-003 3.236283e-002 3.856856e-002 5.797723e-002 4.688403e-002 -3.443670e-002 -4.925540e-002 2.975570e-002 -4.132414e-002
<VARIANCE> 25
 1.142861e+001 1.016816e+001 6.804655e+000 1.137244e+001 1.228137e+001 1.479342e+001 1.701967e+001 1.368455e+001 1.621314e+001 1.553825e+001 1.289524e+001 1.009891e+001 1.567329e-001 3.070756e-001 5.235026e-001 8.244746e-001 1.062086e+000 9.714922e-001 1.321634e+000 1.567093e+000 1.426951e+000 1.602637e+000 1.165741e+000 9.512557e-001 5.634817e-002
<GCONST> 7.104210e+001
~s "ST_p_4_2"
<MEAN> 25
 -5.359020e+000 1.309918e+000 1.303136e+000 2.572221e+000 2.833723e+000 3.090986e+000 4.479990e+000 3.022180e+000 4.167615e+000 3.829952e+000 3.554940e+000 1.189241e-001 -4.033060e-002 1.654840e-002 1.993623e-002 2.256100e-002 6.168644e-003 1.481170e-002 2.507343e-002 2.587772e-002 5.315316e-002 1.025185e-001 5.734368e-002 -3.931173e-002 1.030244e-002
<VARIANCE> 25
 3.311306e+000 6.889339e+000 6.763720e+000 7.323087e+000 9.558655e+000 1.232261e+001 1.273911e+001 1.413589e+001 1.395831e+001 1.636528e+001 1.257682e+001 1.234940e+001 1.190796e-001 2.536056e-001 4.667401e-001 6.621642e-001 8.682855e-001 1.028716e+000 1.203481e+000 1.336338e+000 1.469496e+000 1.495534e+000 1.287053e+000 1.125660e+000 4.678693e-002
<GCONST> 6.719987e+001
~s "ST_ih_2_1"
<MEAN> 25
 1.534638e+000 5.361250e+000 1.026582e+001 -4.116600e+000 -4.008735e+000 -3.820067e+000 -5.817940e+000 -4.547556e+000 1.805497e-001 -1.594147e+000 -3.874598e+000 -1.930662e+000 -4.445572e-002 -4.041205e-002 3.610977e-001 -1.900305e-001 2.079372e-001 -3.438886e-001 -4.818799e-001 1.918821e-001 2.316057e-001 -5.087947e-001 -2.086971e-001 9.478170e-002 7.661433e-002
<VARIANCE> 25
 2.581817e+001 8.764143e+001 7.187432e+001 1.704058e+002 7.929807e+001 5.218445e+001 4.988750e+001 7.000406e+001 5.411016e+001 4.571833e+001 3.281277e+001 4.361711e+001 1.862952e+000 3.323049e+000 4.469023e+000 8.162444e+000 4.902660e+000 3.998786e+000 4.452962e+000 4.495518e+000 4.402138e+000 4.538823e+000 3.365774e+000 2.991188e+000 2.490721e+000
<GCONST> 1.122593e+002
~s "ST_ih_3_1"
<MEAN> 25
 -1.717075e+000 9.145114e+000 4.890489e+000 -3.260188e+000 -1.138263e+000 -1.848746e+000 -3.898574e+000 4.927926e-001 1.452779e+000 -1.191118e+000 -8.905962e-001 1.824833e+000 -4.641470e-003 -4.075265e-002 -1.680440e-002 1.438331e-001 1.029952e-001 -4.711801e-002 -3.043312e-002 1.069455e-001 1.005118e-001 2.761304e-002 1.132345e-001 -3.787776e-002 -9.118699e-002
<VARIANCE> 25
 8.543805e+000 6.281278e+001 2.981803e+001 6.914423e+001 2.213379e+001 2.759962e+001 2.925595e+001 2.734875e+001 2.695125e+001 2.964088e+001 2.271478e+001 2.108620e+001 2.740807e-001 4.513289e-001 1.027762e+000 1.901421e+000 1.432016e+000 1.547548e+000 1.737542e+000 1.964775e+000 1.753518e+000 1.645576e+000 1.638774e+000 1.399554e+000 1.864142e-001
<GCONST> 8.663181e+001
~s "ST_ih_3_2"
<MEAN> 25
 -1.485716e+000 1.131166e+001 1.947887e+000 -4.011698e+000 -5.349118e-001 1.384319e+000 -1.087277e+000 2.150167e+000 1.443086e+000 -3.799125e+000 -1.536775e+000 3.045428e+000 -1.923463e-002 2.776502e-002 6.830008e-002 1.293427e-001 6.473134e-002 -1.390004e-001 -8.919681e-002 -1.436718e-002 6.805561e-002 -5.786883e-002 -1.842705e-002 7.939674e-002 -3.841906e-002
<VARIANCE> 25
 5.076777e+000 6.186361e+001 2.369873e+001 5.322450e+001 2.039937e+001 2.622897e+001 2.521385e+001 1.962015e+001 2.730083e+001 2.562039e+001 1.284451e+001 3.145559e+001 1.383626e-001 4.129518e-001 9.200177e-001 8.635308e-001 1.345436e+000 1.627366e+000 1.459164e+000 1.297004e+000 1.996187e+000 1.725841e+000 1.009616e+000 1.497502e+000 7.427707e-002
<GCONST> 8.125417e+001
~s "ST_ih_4_1"
<MEAN> 25
 -7.508020e-001 3.664054e+000 3.789567e+000 -2.695169e-001 3.912733e+000 -3.119957e+000 -6.876249e+000 -1.340404e+000 3.519028e+000 -3.056835e+000 -5.440072e-001 -4.149911e-002 -7.260902e-003 -2.317446e-001 -3.808739e-001 5.772202e-002 1.383548e-001 1.462405e-001 4.240095e-002 -2.038673e-001 -3.831559e-003 2.529588e-001 2.727648e-001 1.613154e-001 -3.743520e-002
<VARIANCE> 25
 1.157953e+001 9.308980e+001 1.429473e+002 1.353180e+002 7.637708e+001 8.952036e+001 7.658385e+001 6.230667e+001 5.294445e+001 6.215615e+001 4.064882e+001 3.920398e+001 3.409645e-001 1.335326e+000 1.725920e+000 2.326450e+000 2.386955e+000 2.645252e+000 2.526449e+000 2.569036e+000 2.704661e+000 2.862477e+000 2.605976e+000 2.010085e+000 3.454112e-001
<GCONST> 1.025291e+002
~s "ST_ih_4_2"
<MEAN> 25
 -8.171407e-001 -3.366244e+000 1.589055e+001 8.866540e+000 3.560290e+000 -1.060792e+001 -9.307226e+000 2.969971e+000 2.613366e+000 -1.204626e+001 -1.372180e+000 -3.858791e+000 2.393733e-001 4.672307e-001 -1.083123e-001 8.448862e-002 1.367482e-001 4.425122e-002 7.667159e-002 -3.023045e-001 1.688989e-001 1.767188e-001 1.237641e-001 7.461134e-002 -3.587112e-002
<VARIANCE> 25
 1.338841e+001 4.929764e+001 5.160747e+001 3.876925e+001 6.941164e+001 3.403091e+001 7.529638e+001 6.401806e+001 3.062769e+001 3.414277e+001 1.706405e+001 2.506342e+001 5.756842e-001 1.254801e+000 3.343969e+000 1.714221e+000 1.103243e+000 2.182861e+000 4.220214e+000 2.099244e+000 1.893673e+000 2.136367e+000 1.523408e+000 1.048237e+000 5.497734e-001
<GCONST> 9.504794e+001
~s "ST_ih_4_3"
<MEAN> 25
 -1.129108e+000 -1.014804e+000 1.066096e+001 8.218184e+000 5.172502e+000 -7.523091e+000 -7.420554e+000 6.798284e+000 5.400714e+000 -7.621358e+000 -2.085720e+000 -6.853836e-001 -5.519840e-002 3.645976e-002 -9.595726e-001 -2.414456e-001 -4.351124e-001 5.348429e-001 4.644112e-001 -1.472083e-001 -2.772178e-001 6.801385e-001 -6.064317e-003 2.884767e-001 -5.259377e-001
<VARIANCE> 25
 6.820366e+000 1.942496e+001 5.371567e+001 4.190438e+001 1.940462e+001 4.318840e+001 3.692143e+001 4.110453e+001 2.250241e+001 5.047560e+001 2.177322e+001 1.756368e+001 2.430513e-001 6.220710e-001 1.058071e+000 7.687467e-001 7.699944e-001 1.309636e+000 2.170894e+000 2.632807e+000 1.496768e+000 2.209413e+000 1.171664e+000 1.086046e+000 1.832421e-001
<GCONST> 8.498601e+001
~h "t+aa"
<BEGINHMM>
<NUMSTATES> 5
<STATE> 2
~s "ST_t_2_1"
<STATE> 3
~s "ST_t_3_1"
<STATE> 4
~s "ST_t_4_1"
~t "T_t"
<ENDHMM>
~h "b"
<BEGINHMM>
<NUMSTATES> 5
<STATE> 2
~s "ST_b_2_1"
<STATE> 3
~s "ST_b_3_1"
<STATE> 4
~s "ST_b_4_1"
~t "T_b"
<ENDHMM>
~h "c"
<BEGINHMM>
<NUMSTATES> 5
<STATE> 2
~s "ST_c_2_1"
<STATE> 3
~s "ST_c_3_1"
<STATE> 4
~s "ST_c_4_1"
~t "T_c"
<ENDHMM>
~h "d"
<BEGINHMM>
<NUMSTATES> 5
<STATE> 2
~s "ST_d_2_1"
<STATE> 3
~s "ST_d_3_1"
<STATE> 4
~s "ST_d_4_1"
~t "T_d"
<ENDHMM>
~h "g"
<BEGINHMM>
<NUMSTATES> 5
<STATE> 2
~s "ST_g_2_1"
<STATE> 3
~s "ST_g_3_1"
<STATE> 4
~s "ST_g_4_1"
~t "T_g"
<ENDHMM>
~h "h"
<BEGINHMM>
<NUMSTATES> 5
<STATE> 2
~s "ST_h_2_1"
<STATE> 3
~s "ST_h_3_1"
<STATE> 4
~s "ST_h_4_1"
~t "T_h"
<ENDHMM>
~h "j"
<BEGINHMM>
<NUMSTATES> 5
<STATE> 2
~s "ST_j_2_1"
<STATE> 3
~s "ST_j_3_1"
<STATE> 4
~s "ST_j_4_1"
~t "T_j"
<ENDHMM>
~h "k"
<BEGINHMM>
<NUMSTATES> 5
<STATE> 2
~s "ST_k_2_1"
<STATE> 3
~s "ST_k_3_1"
<STATE> 4
~s "ST_k_4_1"
~t "T_k"
<ENDHMM>
~h "l"
<BEGINHMM>
<NUMSTATES> 5
<STATE> 2
~s "ST_l_2_1"
<STATE> 3
~s "ST_l_3_1"
<STATE> 4
~s "ST_l_4_1"
~t "T_l"
<ENDHMM>
~h "m"
<BEGINHMM>
<NUMSTATES> 5
<STATE> 2
~s "ST_m_2_1"
<STATE> 3
~s "ST_m_3_1"
<STATE> 4
~s "ST_m_4_1"
~t "T_m"
<ENDHMM>
~h "n"
<BEGINHMM>
<NUMSTATES> 5
<STATE> 2
~s "ST_n_2_1"
<STATE> 3
~s "ST_n_3_1"
<STATE> 4
~s "ST_n_4_1"
~t "T_n"
<ENDHMM>
~h "o"
<BEGINHMM>
<NUMSTATES> 5
<STATE> 2
~s "ST_o_2_1"
<STATE> 3
~s "ST_o_3_1"
<STATE> 4
~s "ST_o_4_1"
~t "T_o"
<ENDHMM>
~h "p"
<BEGINHMM>
<NUMSTATES> 5
<STATE> 2
~s "ST_p_2_1"
<STATE> 3
~s "ST_p_3_1"
<STATE> 4
~s "ST_p_4_1"
~t "T_p"
<ENDHMM>
~h "r"
<BEGINHMM>
<NUMSTATES> 5
<STATE> 2
~s "ST_r_2_1"
<STATE> 3
~s "ST_r_3_1"
<STATE> 4
~s "ST_r_4_1"
~t "T_r"
<ENDHMM>
~h "s"
<BEGINHMM>
<NUMSTATES> 5
<STATE> 2
~s "ST_s_2_1"
<STATE> 3
~s "ST_s_3_1"
<STATE> 4
~s "ST_s_4_1"
~t "T_s"
<ENDHMM>
~h "w"
<BEGINHMM>
<NUMSTATES> 5
<STATE> 2
~s "ST_w_2_1"
<STATE> 3
~s "ST_w_3_1"
<STATE> 4
~s "ST_w_4_1"
~t "T_w"
<ENDHMM>
~h "y"
<BEGINHMM>
<NUMSTATES> 5
<STATE> 2
~s "ST_y_2_1"
<STATE> 3
~s "ST_y_3_1"
<STATE> 4
~s "ST_y_4_1"
~t "T_y"
<ENDHMM>
~h "t-ih"
<BEGINHMM>
<NUMSTATES> 5
<STATE> 2
~s "ST_ih_2_1"
<STATE> 3
~s "ST_ih_3_1"
<STATE> 4
~s "ST_ih_4_1"
~t "T_ih"
<ENDHMM>
~h "d-eh+l"
<BEGINHMM>
<NUMSTATES> 5
<STATE> 2
~s "ST_eh_2_2"
<STATE> 3
~s "ST_eh_3_1"
<STATE> 4
~s "ST_eh_4_2"
~t "T_eh"
<ENDHMM>
~h "t-uw"
<BEGINHMM>
<NUMSTATES> 5
<STATE> 2
~s "ST_uw_2_1"
<STATE> 3
~s "ST_uw_3_1"
<STATE> 4
~s "ST_uw_4_1"
~t "T_uw"
<ENDHMM>
~h "aa"
<BEGINHMM>
<NUMSTATES> 5
<STATE> 2
~s "ST_aa_2_1"
<STATE> 3
~s "ST_aa_3_1"
<STATE> 4
~s "ST_aa_4_3"
~t "T_aa"
<ENDHMM>
~h "ao"
<BEGINHMM>
<NUMSTATES> 5
<STATE> 2
~s "ST_ao_2_1"
<STATE> 3
~s "ST_ao_3_1"
<STATE> 4
~s "ST_ao_4_1"
~t "T_ao"
<ENDHMM>
~h "eh"
<BEGINHMM>
<NUMSTATES> 5
<STATE> 2
~s "ST_eh_2_1"
<STATE> 3
~s "ST_eh_3_1"
<STATE> 4
~s "ST_eh_4_1"
~t "T_eh"
<ENDHMM>
~h "hh"
<BEGINHMM>
<NUMSTATES> 5
<STATE> 2
~s "ST_hh_2_1"
<STATE> 3
~s "ST_hh_3_1"
<STATE> 4
~s "ST_hh_4_1"
~t "T_hh"
<ENDHMM>
~h "ng"
<BEGINHMM>
<NUMSTATES> 5
<STATE> 2
~s "ST_ng_2_1"
<STATE> 3
~s "ST_ng_3_1"
<STATE> 4
~s "ST_ng_4_1"
~t "T_ng"
<ENDHMM>
~h "oh"
<BEGINHMM>
<NUMSTATES> 5
<STATE> 2
~s "ST_oh_2_1"
<STATE> 3
~s "ST_oh_3_1"
<STATE> 4
~s "ST_oh_4_1"
~t "T_oh"
<ENDHMM>
~h "sp"
<BEGINHMM>
<NUMSTATES> 3
<STATE> 2
~s "ST_sil_3_1"
<TRANSP> 3
 0.000000e+000 1.301522e-002 9.869848e-001
 0.000000e+000 9.390840e-001 6.091603e-002
 0.000000e+000 0.000000e+000 0.000000e+000
<ENDHMM>
~h "aa-ng"
<BEGINHMM>
<NUMSTATES> 5
<STATE> 2
~s "ST_ng_2_1"
<STATE> 3
~s "ST_ng_3_1"
<STATE> 4
~s "ST_ng_4_2"
~t "T_ng"
<ENDHMM>
~h "ih-s+aa"
<BEGINHMM>
<NUMSTATES> 5
<STATE> 2
~s "ST_s_2_2"
<STATE> 3
~s "ST_s_3_1"
<STATE> 4
~s "ST_s_4_1"
~t "T_s"
<ENDHMM>
~h "l-eh+hh"
<BEGINHMM>
<NUMSTATES> 5
<STATE> 2
~s "ST_eh_2_2"
<STATE> 3
~s "ST_eh_3_1"
<STATE> 4
~s "ST_eh_4_1"
~t "T_eh"
<ENDHMM>
~h "aa-l+aa"
<BEGINHMM>
<NUMSTATES> 5
<STATE> 2
~s "ST_l_2_1"
<STATE> 3
~s "ST_l_3_1"
<STATE> 4
~s "ST_l_4_2"
~t "T_l"
<ENDHMM>
~h "m-aa+k"
<BEGINHMM>
<NUMSTATES> 5
<STATE> 2
~s "ST_aa_2_1"
<STATE> 3
~s "ST_aa_3_2"
<STATE> 4
~s "ST_aa_4_3"
~t "T_aa"
<ENDHMM>
~h "m-aa+l"
<BEGINHMM>
<NUMSTATES> 5
<STATE> 2
~s "ST_aa_2_1"
<STATE> 3
~s "ST_aa_3_2"
<STATE> 4
~s "ST_aa_4_4"
~t "T_aa"
<ENDHMM>
~h "m+ih"
<BEGINHMM>
<NUMSTATES> 5
<STATE> 2
~s "ST_m_2_1"
<STATE> 3
~s "ST_m_3_1"
<STATE> 4
~s "ST_m_4_3"
~t "T_m"
<ENDHMM>
~h "t-uw+k"
<BEGINHMM>
<NUMSTATES> 5
<STATE> 2
~s "ST_uw_2_1"
<STATE> 3
~s "ST_uw_3_1"
<STATE> 4
~s "ST_uw_4_2"
~t "T_uw"
<ENDHMM>
~h "eh-n+aa"
<BEGINHMM>
<NUMSTATES> 5
<STATE> 2
~s "ST_n_2_2"
<STATE> 3
~s "ST_n_3_1"
<STATE> 4
~s "ST_n_4_2"
~t "T_n"
<ENDHMM>
~h "s-aa+m"
<BEGINHMM>
<NUMSTATES> 5
<STATE> 2
~s "ST_aa_2_2"
<STATE> 3
~s "ST_aa_3_1"
<STATE> 4
~s "ST_aa_4_1"
~t "T_aa"
<ENDHMM>
~h "s-aa+y"
<BEGINHMM>
<NUMSTATES> 5
<STATE> 2
~s "ST_aa_2_2"
<STATE> 3
~s "ST_aa_3_1"
<STATE> 4
~s "ST_aa_4_2"
~t "T_aa"
<ENDHMM>
~h "y-aa+ng"
<BEGINHMM>
<NUMSTATES> 5
<STATE> 2
~s "ST_aa_2_3"
<STATE> 3
~s "ST_aa_3_1"
<STATE> 4
~s "ST_aa_4_3"
~t "T_aa"
<ENDHMM>
~h "n+aa"
<BEGINHMM>
<NUMSTATES> 5
<STATE> 2
~s "ST_n_2_1"
<STATE> 3
~s "ST_n_3_1"
<STATE> 4
~s "ST_n_4_2"
~t "T_n"
<ENDHMM>
~h "n-ih"
<BEGINHMM>
<NUMSTATES> 5
<STATE> 2
~s "ST_ih_2_1"
<STATE> 3
~s "ST_ih_3_1"
<STATE> 4
~s "ST_ih_4_3"
~t "T_ih"
<ENDHMM>
~h "d-ih+aa"
<BEGINHMM>
<NUMSTATES> 5
<STATE> 2
~s "ST_ih_2_1"
<STATE> 3
~s "ST_ih_3_2"
<STATE> 4
~s "ST_ih_4_1"
~t "T_ih"
<ENDHMM>
~h "ih-m+aa"
<BEGINHMM>
<NUMSTATES> 5
<STATE> 2
~s "ST_m_2_1"
<STATE> 3
~s "ST_m_3_1"
<STATE> 4
~s "ST_m_4_2"
~t "T_m"
<ENDHMM>
~h "eh-p+uw"
<BEGINHMM>
<NUMSTATES> 5
<STATE> 2
~s "ST_p_2_1"
<STATE> 3
~s "ST_p_3_1"
<STATE> 4
~s "ST_p_4_2"
~t "T_p"
<ENDHMM>
~h "sil"
<BEGINHMM>
<NUMSTATES> 5
<STATE> 2
~s "ST_sil_2_1"
<STATE> 3
~s "ST_sil_3_1"
<STATE> 4
~s "ST_sil_4_1"
<TRANSP> 5
 0.000000e+000 1.000000e+000 0.000000e+000 0.000000e+000 0.000000e+000
 0.000000e+000 8.640159e-001 3.703285e-002 9.895124e-002 0.000000e+000
 0.000000e+000 0.000000e+000 9.623177e-001 3.768228e-002 0.000000e+000
 0.000000e+000 3.097060e-003 0.000000e+000 9.502983e-001 4.660464e-002
 0.000000e+000 0.000000e+000 0.000000e+000 0.000000e+000 0.000000e+000
<ENDHMM>
~h "l-aa+m"
<BEGINHMM>
<NUMSTATES> 5
<STATE> 2
~s "ST_aa_2_1"
<STATE> 3
~s "ST_aa_3_1"
<STATE> 4
~s "ST_aa_4_4"
~t "T_aa"
<ENDHMM>
~h "ng-ih+n"
<BEGINHMM>
<NUMSTATES> 5
<STATE> 2
~s "ST_ih_2_1"
<STATE> 3
~s "ST_ih_3_1"
<STATE> 4
~s "ST_ih_4_2"
~t "T_ih"
<ENDHMM>
~h "eh-m+b"
<BEGINHMM>
<NUMSTATES> 5
<STATE> 2
~s "ST_m_2_1"
<STATE> 3
~s "ST_m_3_2"
<STATE> 4
~s "ST_m_4_2"
~t "T_m"
<ENDHMM>
~h "aa-r+ih"
<BEGINHMM>
<NUMSTATES> 5
<STATE> 2
~s "ST_r_2_1"
<STATE> 3
~s "ST_r_3_2"
<STATE> 4
~s "ST_r_4_1"
~t "T_r"
<ENDHMM>
~h "aa-n+t"
<BEGINHMM>
<NUMSTATES> 5
<STATE> 2
~s "ST_n_2_2"
<STATE> 3
~s "ST_n_3_1"
<STATE> 4
~s "ST_n_4_1"
~t "T_n"
<ENDHMM>
~h "aa+y"
<BEGINHMM>
<NUMSTATES> 5
<STATE> 2
~s "ST_aa_2_1"
<STATE> 3
~s "ST_aa_3_1"
<STATE> 4
~s "ST_aa_4_2"
~t "T_aa"
<ENDHMM>
