~o
<STREAMINFO> 1 25
<VECSIZE> 25<NULLD><MFCC_D_N_Z_0><DIAGC>
~h "proto"
<BEGINHMM>
<NUMSTATES> 5
<STATE> 2
<MEAN> 25
 8.170162e-008 -4.521933e-008 -5.086760e-008 1.166308e-008 5.962045e-008 4.550214e-010 -4.282257e-008 -4.948358e-008 3.475858e-009 -6.527029e-008 3.207901e-008 -2.510201e-008 1.480553e-002 -2.130330e-003 7.752230e-003 -2.168900e-003 1.143346e-002 -2.309937e-003 4.270030e-003 -3.775770e-003 -3.292487e-003 -9.013304e-004 -3.430553e-003 -3.983235e-003 3.762107e-002
<VARIANCE> 25
 4.782534e+001 4.486551e+001 4.720152e+001 6.892854e+001 4.782741e+001 4.025573e+001 4.904439e+001 4.112494e+001 4.163437e+001 4.402449e+001 3.629407e+001 2.461182e+001 1.112554e+000 1.522354e+000 1.617350e+000 2.656558e+000 2.172488e+000 2.083681e+000 2.429414e+000 2.410789e+000 2.262104e+000 2.509147e+000 2.111452e+000 1.695109e+000 1.480570e+000
<GCONST> 9.985253e+001
<STATE> 3
<MEAN> 25
 8.170162e-008 -4.521933e-008 -5.086760e-008 1.166308e-008 5.962045e-008 4.550214e-010 -4.282257e-008 -4.948358e-008 3.475858e-009 -6.527029e-008 3.207901e-008 -2.510201e-008 1.480553e-002 -2.130330e-003 7.752230e-003 -2.168900e-003 1.143346e-002 -2.309937e-003 4.270030e-003 -3.775770e-003 -3.292487e-003 -9.013304e-004 -3.430553e-003 -3.983235e-003 3.762107e-002
<VARIANCE> 25
 4.782534e+001 4.486551e+001 4.720152e+001 6.892854e+001 4.782741e+001 4.025573e+001 4.904439e+001 4.112494e+001 4.163437e+001 4.402449e+001 3.629407e+001 2.461182e+001 1.112554e+000 1.522354e+000 1.617350e+000 2.656558e+000 2.172488e+000 2.083681e+000 2.429414e+000 2.410789e+000 2.262104e+000 2.509147e+000 2.111452e+000 1.695109e+000 1.480570e+000
<GCONST> 9.985253e+001
<STATE> 4
<MEAN> 25
 8.170162e-008 -4.521933e-008 -5.086760e-008 1.166308e-008 5.962045e-008 4.550214e-010 -4.282257e-008 -4.948358e-008 3.475858e-009 -6.527029e-008 3.207901e-008 -2.510201e-008 1.480553e-002 -2.130330e-003 7.752230e-003 -2.168900e-003 1.143346e-002 -2.309937e-003 4.270030e-003 -3.775770e-003 -3.292487e-003 -9.013304e-004 -3.430553e-003 -3.983235e-003 3.762107e-002
<VARIANCE> 25
 4.782534e+001 4.486551e+001 4.720152e+001 6.892854e+001 4.782741e+001 4.025573e+001 4.904439e+001 4.112494e+001 4.163437e+001 4.402449e+001 3.629407e+001 2.461182e+001 1.112554e+000 1.522354e+000 1.617350e+000 2.656558e+000 2.172488e+000 2.083681e+000 2.429414e+000 2.410789e+000 2.262104e+000 2.509147e+000 2.111452e+000 1.695109e+000 1.480570e+000
<GCONST> 9.985253e+001
<TRANSP> 5
 0.000000e+000 1.000000e+000 0.000000e+000 0.000000e+000 0.000000e+000
 0.000000e+000 6.000000e-001 4.000000e-001 0.000000e+000 0.000000e+000
 0.000000e+000 0.000000e+000 6.000000e-001 4.000000e-001 0.000000e+000
 0.000000e+000 0.000000e+000 0.000000e+000 7.000000e-001 3.000000e-001
 0.000000e+000 0.000000e+000 0.000000e+000 0.000000e+000 0.000000e+000
<ENDHMM>
